951667410
86773656
210849624
617034028
685100129
120423461
35505903
320103625
169431675
990033000
742801839
362230055
445941218
485550868
494850760
902334760
732249977
676228296
164325636
505423395
594084866
916395632
978471365
18280035
953245698
490202404
354092528
129841237
364711429
852324884
763992830
706178270
37613018
180671999
329596746
407667629
29912317
989995616
305591632
252147414
333834724
318696410
156861187
542824033
563818499
868434048
564975591
165146645
701905094
163054026
215505451
799496537
609181014
322001667
955062415
424108741
605219561
642286886
38575362
165632175
819961327
42248358
437987682
892191287
502262708
396601212
600211783
654652564
97783660
48868330
20025737
53071593
115788140
88913005
72094419
369392101
763383752
500764554
383841148
411081474
8016119
331417011
814738290
494100231
118840192
785937819
332063310
388678972
264923863
576765848
138138753
320630228
641429142
880086035
12711849
92143270
803038093
669530391
898917339
17287076
901207786
588316370
268218163
607859646
252839309
896213555
888992664
432719623
631963011
422673667
48289854
211449902
158605610
766933153
809953563
243318896
472551929
477801714
761984187
149211945
36490179
488425119
826421869
895356850
796614625
607782563
356522014
522835726
1056182
290006723
207580936
950857703
567266936
386919639
7206845
905080927
764551659
111062258
111492163
772582059
824640394
956186421
142706644
175936608
799842430
939073398
138089132
451482542
520515546
228926898
21221636
648636697
920774730
365005844
563646221
177812739
589040938
251880551
724464274
208176194
227580613
65845901
825104836
2734084
885783548
408022873
659673057
855062892
173578065
294114713
988910409
7908329
998204317
172200783
624292356
909632396
453526735
124836119
980648535
513324975
931579765
321620229
163572225
848606189
440484259
434690990
161064767
945462721
669587968
467055256
413587185
600647403
957634111
641818137
451029884
640685047
921189532
33105569
388783507
259171685
262110915
804188140
790261004
162593746
167514402
480682387
563546860
934276314
280003677
189393977
144577302
105262587
361178201
430009136
954108286
715447169
220721085
63357068
193188863
413926084
655605264
972805109
43701767
189893443
511639539
269988533
913977261
420233097
643088790
996165133
433651095
923461345
341110027
497542360
883440835
545259796
264333554
79962581
771637335
293716847
478213699
986795895
647436681
879950663
933487568
427065309
221734893
146321235
823381592
632009228
225678257
25744886
47287531
878013813
882406464
173250973
373631582
754509416
114354190
662921893
201064190
208094665
174300278
148524411
489613187
413007112
529877124
253135284
375374657
645849927
292816387
923161728
949371069
943801288
999254723
625313852
438940492
748641787
898664872
97910284
428416753
889924614
437731184
179952089
325924680
73492962
386999752
993219330
500663805
514069011
448807987
571153753
730466799
207349784
234664221
222857727
247622985
74144993
602605572
916042938
107780729
844217820
562468688
562265156
956694252
898172774
468133858
633574688
231373451
129971435
252194949
156428799
734472567
982696989
585174405
682444049
344703039
938456267
925965712
12355659
605081379
764378548
261652483
855766036
883298068
190867706
664799029
711737940
611134434
707762817
774390964
69550893
374810465
664142555
282882213
279987340
381886588
367039875
212086581
356023326
225460258
989564311
862596679
100794118
545744365
72495731
796483160
599156092
180506933
503173269
68761528
932161097
197571134
516047343
68762084
343925681
718498705
644467278
692063382
274972113
725915636
308452687
565260626
179594219
894501587
885885663
347514685
935335660
416502439
967491948
236320881
630660640
873526403
895098805
935724544
497155602
861284807
809292934
905297184
73664605
87509345
445496921
364388296
722654884
344707545
496311012
496113178
270863495
483621161
897248176
761534751
169803274
48239224
26829641
57757614
179423261
456465730
265849798
391393702
926342228
170231064
404230952
496832668
945113510
431789527
325780001
744432692
734642962
124725854
465046021
335492994
307312365
246772978
227840929
360927399
677015093
59864939
628188181
144497911
919866813
400616146
355068055
69832243
696639589
417705092
81306910
452491005
413915694
63835341
809947476
324820371
795509362
92656901
364490252
192195172
933475793
488391613
563745628
345500540
138894104
942710781
533323004
698039731
539312782
897333862
220337105
233057106
792582094
732700305
209990784
251971729
751257484
827778818
499946459
907481792
473506560
550831319
166305902
346224811
337778195
79147752
979736211
766000725
945886341
575928542
954528072
919039493
883215148
410212191
528787856
349210367
691430831
952162522
358055335
343803217
656427379
508580704
595368101
540937345
524781088
20427831
977034570
669038508
834490757
660648843
445802519
571533076
754486369
660659643
431551295
542319174
329425207
298094857
757587457
934282319
832806009
278259854
691063510
598675948
506074203
627157348
512308456
699151889
570454318
966565978
694293053
921680817
926398141
532398622
960752130
699764765
691262636
801464182
171486641
200551685
164817046
209789799
769134602
234640113
721839580
823991980
105968438
672121186
129089616
416773286
126798862
613880434
996292144
732060830
505751542
931960184
906668938
268023482
613421898
465060462
640394090
284559484
549342804
797955030
836269885
135021838
78018881
475395633
989117315
795881697
962633904
791322246
519493983
141445116
823144525
940933758
969446130
93660754
114090677
334557834
335520717
333921135
37419736
488464423
953201878
391566643
473968272
841376784
520889027
644782211
382402332
950782239
727141534
769249259
350219870
567817562
364329193
609090630
817907099
860455926
692122550
360205041
850712214
371161367
732882657
964665778
531468008
669054378
169860871
851642378
129175290
91070318
956465283
851985733
231284339
40008957
702642284
550701606
715053870
168129357
924829438
972678552
329200770
860087784
31201944
363853009
818494880
978821412
70289242
82349460
90465096
895034689
384783614
232799529
629977660
774834678
494544170
669181168
677413550
670886028
166207917
248461935
213616473
840748948
561316153
510917864
780888310
257299545
325834488
875000523
662396585
642933686
654332420
282414987
63256848
825326711
465203588
302224348
330793817
805495833
520080438
71769236
714707858
864950614
237775300
923093761
378958440
274045594
424859166
157891705
468391555
197132425
277920033
591803396
311200886
139934024
523880388
338173004
724438644
408401191
809330718
199438070
219177773
289505351
821298934
820430877
490164898
666420795
916037566
312190338
317955132
880661617
58231264
90016089
371644374
114974985
910090433
368427962
840047357
338359742
6080405
179858202
46490677
221960395
495355320
495670100
379173796
818986235
966329221
127335929
984414931
56458334
488032258
888482881
860392690
709711328
134823131
881232182
627583851
596587819
56427469
384860331
321784
240997681
616909927
873764037
246860769
526422773
330720465
254762635
621389129
802797238
509175837
75266591
914184085
952945216
947358762
915724817
98925698
124202192
245919873
1386738
168921650
622146865
65013386
281034120
160369593
18534175
672832520
841821093
646813672
187474592
214113441
693584926
603490968
52651972
487579923
618399906
660051986
962459973
463340431
132834082
666778868
412161198
603139930
777485601
152367495
253541852
211354358
719381256
967456238
863598891
768859802
222793484
651162236
213341872
242776776
557202393
328197279
938726289
769507981
798006933
72250387
727292248
957274000
40803332
402000821
714199381
457091277
676983495
606201796
497711018
325459491
943590139
938316062
718386674
467253287
237355246
29805229
513348343
629634849
312480132
790008448
559957394
829480848
958870062
313509393
579565686
185711313
646841039
458185786
302961056
95421231
753718185
548194390
423232452
296657427
763692582
111446315
397185806
440603300
999364278
193680506
942856767
559314582
281508563
106923153
372964447
860290034
909114596
20969440
40096242
692288420
552780925
237625607
336302421
234440895
348472731
229363878
165225485
609817974
905304180
628434780
157352736
798027235
195204579
981430908
921559196
426237398
756929602
591691445
170105532
501657317
299281929
85861610
898522623
801930371
200364420
754073500
846126130
706727452
866428131
679207142
948257366
263339008
612370916
882986725
848543391
929156836
957757540
366971829
313884869
645109779
106431355
120604685
671259413
770446131
888366293
491344688
941431541
574038937
549012935
931706181
749382338
343606066
94952836
540980201
469131756
294132250
55286498
912852455
758588971
259495417
904152011
442807706
921686327
221901744
219112908
179767290
395567437
854441811
997593678
626786992
902699961
683437459
633070375
501648847
34241845
753297130
551028293
860493956
817358122
357471764
680823091
28664280
613623258
647224925
418796414
221866759
464508870
804003731
265248793
902423919
896729474
670310872
906646269
857516642
360925811
696788752
202197486
464199024
571440203
437500960
622029514
400177763
698184440
447298629
768848335
145344105
274859229
745364951
653073240
899755638
634498479
652355187
26335679
933526191
107431397
223120400
35220506
156852677
796344152
912984512
639484596
710768593
558644500
770645554
777474897
449876601
209336820
183863709
990886699
194143610
625561337
521111993
269015957
890525641
227708341
485146229
184096067
309294082
556648243
822364519
510256521
548544577
676171703
830325456
381677170
252862583
436932452
428207760
472085492
822763101
594397559
868311389
514185689
169337156
172649211
729941692
333513447
420683199
20714503
365205559
245158419
390373234
513699346
332885689
755571444
958065273
874527050
415361939
425104163
794104446
619431969
327340518
573803404
853562059
844251530
656947393
849352634
28485554
644766283
257800934
738646960
21282158
288226965
55940017
369542375
773684864
174129460
705503530
129522926
561625940
955020357
801093025
923402168
156778988
184906399
515922479
120240109
399083956
846446886
821073171
280186228
325244860
742710377
816468892
668664719
549573475
891722959
856935338
209687806
133326832
358405532
280171236
499130874
430953727
714702482
772997308
452953212
741513206
545641711
187731998
349641176
290905480
451774124
37540064
289505727
129179070
385894253
880613364
39224270
535194188
780690520
720684877
843345465
653166558
815819653
918771610
736787455
848486305
441220715
34196360
65567491
955205159
571175669
59554034
171581514
845790430
38595463
461928500
652467291
290646149
458310853
316428623
138580450
692013911
967670502
154509969
390540771
756590190
776657104
267711111
216441075
543696679
466586700
542831999
262504657
83603438
887861072
281071990
914079397
628438240
844304521
501603827
274209950
984978611
130997456
190295054
168138090
374000635
127493655
85534965
706836844
235749922
820192535
105060982
225011078
182507372
982111270
140750733
691333894
674301524
872007378
678756006
691597156
763160020
232824701
730005416
897121702
691992893
500442628
324245580
958901275
602437780
439260950
418343734
994446188
586629685
787941098
839868456
293477360
963790758
628664344
279515749
1512314
291551487
660079350
146197125
508540668
579689594
84964603
394189942
849248476
769862567
145333564
811391122
977185278
414571782
888269469
375612688
727463246
234703188
91927384
505972173
803179501
188963122
53088709
949452759
834487488
941667351
678784047
413375268
584887344
87352306
102367919
230995944
795359807
701921925
108904863
464445967
695009663
92755951
708774889
751926582
635348843
349492793
926664864
494008241
954700712
590753934
125975364
407527746
917442450
145532879
817790016
45491274
631528421
383492553
848423262
186480278
655761758
379954694
143390923
139128475
824177835
513634199
821099499
258083271
310222417
388266796
287269528
456284958
610196129
923628811
987373793
615852749
802494643
505197210
524210413
189630892
729217848
558022555
246693163
989455860
860737479
231233788
730026897
935797884
484045737
794440771
755103487
92327402
940770636
227013919
765849866
323140326
179709288
149860203
181142658
99142334
223232070
159255187
770805071
585933794
741126271
76254277
862416150
705385181
537840419
403927406
821699083
21541640
739817350
531577649
70753126
996851480
896924811
245406569
619567120
40910186
861241693
877135897
879667622
9885794
910662985
185061488
350635829
418318047
126547535
510818364
56193560
838157926
667808561
534747496
722535534
998030706
913124867
456620551
407778881
155387472
87124508
859548901
512073107
612858425
496369373
523664469
574143467
924827238
444776399
745247670
916005114
777496381
714169119
809200423
761112637
649210584
253542784
807495699
916890979
4410313
698031712
218715152
192457848
810939952
171141601
537451231
841345365
520371601
164364811
602426901
253689355
35211581
404057666
495969233
549794433
749811195
990445908
697935953
819981822
530375235
242474066
131495926
350773555
523377499
321381487
508575716
451673519
152350872
433220945
172204403
534835664
142765376
583421040
723366119
791120579
918378232
639987661
921266272
827734481
217132630
864280001
959303352
163121898
416197106
248120892
131677516
178175607
632292279
48420240
59780185
339332837
347760281
428017735
202962168
126905675
899618716
324192181
622758078
846451452
242306976
709611994
534360949
208558993
717637241
460421433
31580519
522645871
637932201
822556579
591685108
32334380
779473173
653574979
650258503
414307158
428159361
237007894
922872255
143157161
454675133
665222589
14141516
955103832
944407409
113079342
119521488
776258223
27304078
467033646
592938405
559316129
458188567
183101226
385501515
716870217
800447219
273777519
111153585
295237722
961824556
430840470
881633419
362808885
730234364
506772840
786271217
953972912
106135773
2499289
68070937
905568537
352143574
845047613
472901632
323186342
604048012
55426955
209383414
603718162
291328146
201123217
480160332
273192224
204741434
82053451
869512024
507552045
424501758
613430493
79667361
598671130
771566638
570964090
821754282
953986287
665463048
768399499
299104605
305393896
309755989
539835170
264543755
274716277
496914894
228335370
765551940
791491165
421997083
143254619
181068394
46029050
980719341
110379712
72950433
402984793
156173474
908855851
572073410
383884212
24057955
434436445
161088719
339304660
48644098
930307948
931833148
114247519
78177959
421662190
849361231
28347435
359334364
124448428
796391076
454646927
256932569
737056859
975834868
583267946
482888916
66421257
236405874
732949284
686285612
911800198
925613961
687374429
959447840
919604372
865399621
285453900
401111145
57804273
892665068
97180856
482237472
85000794
841967527
654097066
215772047
145714584
367418
895406992
64166803
540586089
520203104
999271412
974530470
315495463
181279210
221857122
835572461
899356745
980232144
945181767
681271018
359370769
350710667
363023869
296098690
747899313
88013024
526157543
237435801
576925514
483500142
490152747
680718968
586822158
855958876
189117987
932781102
913423676
368208909
547691521
119270695
412279918
729851788
822970690
16281749
30098561
244812010
688157919
854519412
469049501
503016974
957814081
492458428
367310782
508354738
865436851
903293969
170740271
351146494
913205852
689385221
292531464
496887945
872999790
183652068
548214920
655935328
849612465
40767974
29344216
555355482
739643582
846574966
63445549
420686882
260060960
269794862
561463496
347079007
564531163
327032630
793542252
779620163
649556345
309665773
676742245
344206350
899610054
779835161
254094811
513568068
494223593
146615286
14435746
681141925
671217114
193499222
135457846
80828770
517461069
673238030
330519853
608209105
883058424
611872711
656951741
399133511
72257443
9312522
721605881
280400518
483847800
578610041
545342959
985468784
252838369
566903734
699562154
985763148
755286423
511555391
205312789
653819603
727982628
421668712
888519005
620704261
770881988
936102205
17603950
609021538
976096864
760035862
713333483
961352834
269160578
733056458
527351875
194574585
477982675
200461960
927742731
636126052
46576968
351170552
196172866
599193620
119209655
769597672
763149951
981341387
271068392
867881624
221554370
884507386
47828352
994730682
93280358
667452720
287879599
348797256
381341423
680136437
481206844
206860443
990074562
313704387
288974591
587276675
542176233
299009268
405235714
619044965
888366175
849862911
558807078
488719465
248244752
414458698
17425612
111554695
956348948
717221387
47446570
423949592
217829590
626760455
504523212
683945241
525788875
862814105
153549159
36389280
623931062
867658561
909931087
972591905
596888915
669878691
468274986
101421397
11672511
992089560
470272442
678902220
571136624
983735230
373263290
511206068
702884115
697266908
455327530
899491045
786374970
92434836
804049818
934622828
477119732
719658622
265445682
919994796
879703
589192005
887114994
427347398
511755369
616601459
48486543
107703188
885791934
386772634
509331336
569360213
788278658
121856801
251427141
321411877
732420152
837316914
225671778
324379197
297868656
349896543
637660099
404437439
685342488
909624689
653090333
955863043
400804421
908582749
2673139
941215167
589488595
235117622
309261324
848386077
548092029
493542745
988415838
112864601
825409265
824507421
235371630
595530329
794295921
213880127
321696729
977033593
154098958
248095911
148669731
798317154
473260187
845857342
214661881
315634897
962223796
898898626
300283299
492579064
821873059
807611721
247402156
631826133
712703775
163974173
713552656
228362995
793198834
370510298
381023569
508990719
629505247
916046795
924443243
622528559
317844965
360075816
33370101
956247436
842925763
148129934
599741945
895657568
517389976
289669141
332562265
892324975
75439383
292835155
593916377
768391667
995416043
547075692
395833603
645862433
681423450
620182088
174208241
578121907
988920838
664943096
461923052
613146565
582871335
670854259
927977764
485352425
723821179
947762210
180031575
286048201
141244098
523226327
358391858
465118964
170364468
355983743
498187924
838276218
69971211
862439078
152929130
930714788
501923428
383411396
436676631
59328147
889462142
516261936
737798980
836370018
440098588
864381335
941032608
4466237
660794884
955222455
163399399
223385372
109914665
141198074
814294160
912278723
619485902
189042806
852773213
657179955
4428321
713321027
357177133
365031407
343042063
241684482
928976451
940538227
230915607
621973907
537693381
350131387
160165338
108134947
94140144
127634168
586997627
134823444
454532173
764161029
998055142
863478530
548413448
469254939
73632399
479382656
534787458
157428769
854609308
694162179
467301374
818134746
679132064
624771711
810547823
366558716
846475939
20025677
545736005
583765241
87470555
352587872
874231229
342402068
247158918
725103438
768331168
727530382
129233959
629712640
727806164
990213647
391393224
899832109
845253016
524723808
367311632
513747319
313052812
938439880
386745511
399717687
720976693
507218259
839854837
959917069
552195355
492226460
767342114
469164686
446108225
873241757
744845060
204782860
414412100
958125114
833374949
924808453
9788599
793943903
964650597
887295416
294328077
757201716
758004932
232769993
145945258
673274490
670239955
339462365
289929742
850692977
730191328
466734212
179739079
182023581
700595543
118689234
169717208
427684753
785199202
695189811
928572337
681923952
74358589
409510737
392943950
594834964
127281439
674338836
204871525
968510418
274943792
542121114
311059887
334157469
365760107
527775208
689911727
820397229
926221847
862173201
737152477
802265556
253204985
543002398
613853322
815820135
15914893
818336726
912432296
421390106
88389993
128024537
814767917
866380015
986728607
584751650
676221882
636031009
843941915
632601463
531385941
822875824
42333161
768596129
919043693
262170733
181167956
345723840
405152957
467958525
559708734
811129575
206647926
42190822
509738984
988601971
857092567
32947674
209011638
70459844
368847771
917916900
245835394
883812630
931267246
697685224
765330391
139524330
905042069
77022381
765794043
82180713
366898225
328347495
776402559
190670915
152623725
91077328
196497453
967194355
194447934
289537478
458757778
993355999
59818476
466641462
31187572
985219490
606094519
983153026
638717743
709194842
343457952
26682755
80489142
266282249
139061481
739075527
193891811
495678778
345059594
50499017
356018633
985161
337231508
437833436
705133420
842888391
259993168
813265801
192031340
449059036
615180458
33609300
79478875
378749748
121820447
814469659
288162617
214127723
305458973
416010616
964277055
651528018
663511860
486643127
949050969
632964464
469541435
739633620
952481160
35575879
114775903
770030808
157523847
352072526
730802415
903976187
928346007
518598330
226089218
121669946
157935378
484015314
402312426
835258886
615459538
527741495
349522445
679975664
794704515
745783660
618650486
771064548
184571667
782689757
710144939
526795986
437594586
534728618
367578077
371610097
272001069
603584383
308965771
838777800
702991442
848787237
799373213
602947310
539319707
747981836
779302316
244791976
740524219
168713053
470418531
948017130
207048467
424696064
355428267
474073794
938583739
668772479
77691354
801217649
760757112
241582317
745719281
148558559
176044310
702826458
777928351
372270364
317336959
796865764
225802046
273719040
546961721
660412344
117938789
783388027
24699464
378591318
379316893
550905135
261910425
596418741
688864988
772704756
687218197
873235834
509790307
543763974
1387851
315838629
37285017
766345421
232534060
841452017
610176214
290633074
620198282
301602930
923505272
774019396
422758485
158908420
289646522
59808143
708311008
658348741
884160967
800132414
501645375
858289193
298436130
610029061
240876705
387392783
790808849
288659970
484317570
922611073
233135221
527127322
928031816
635211435
40226961
872215203
488140757
654740666
458182031
587088526
123996320
482229195
896646079
670835790
327293275
541598234
892597636
863913344
391477006
349969998
859819000
653858450
677688673
248474167
807495886
943250532
751569486
566505757
301041969
732479180
502486813
269571131
205876564
419831400
82348337
732690685
840243769
52370345
816349610
949774968
163189746
401709291
218961366
627005271
872625767
702705978
155202735
619791192
768050052
554379531
744930369
289661907
178561739
654362967
301779738
514597571
235506283
473503673
461985155
966208602
50414040
26649654
135556184
867157722
370657015
814978649
797169023
155550355
940097488
219773485
547858697
734038676
90191430
725276151
875351509
981115550
475246538
895964939
947655676
640113018
820398493
406330815
467837734
974224984
308884478
686048037
557422723
915902165
804514735
774767929
532802359
621001165
205430446
669432201
275158854
235731217
744729666
306049053
930802583
543539482
134098059
315026896
385006873
547413228
695828210
456119566
146839252
53960106
937684738
984621797
210898386
938090577
11497193
112007409
256776426
541848417
974635514
300081817
649926691
996898543
557762157
840091370
243284800
893865589
714349134
285965682
773250603
535420077
830616916
603059843
113791076
505774050
609212095
552450241
657390987
460835355
526019217
694116595
432704755
716841572
785202424
244852004
149991428
182734311
661335311
789491672
790101159
182367268
605895588
850180871
223338512
283534800
893396568
236702465
304766932
548200729
943308127
878192117
383856952
704622484
388866385
109246025
258519932
631427473
529922886
789334754
10700514
789652544
208669322
928186459
253008433
293114326
674360837
151130920
454765728
645760996
351768723
888463191
545426443
4174408
353138510
807496581
127597653
887594536
488300326
139585866
89835621
302489016
28423053
343554842
801576078
664858645
253426466
26291276
831405526
950774199
543296039
415659191
135674828
905049977
914029430
171752042
708092437
722175883
60098421
321702783
599066134
152737006
65172810
55666017
197574257
352140178
536710540
800104549
548923041
995413056
791124000
535922644
532812541
509819110
712696615
529032476
627587141
602169045
183636320
614799241
959354035
951630970
742795149
378731555
940984920
642871958
531825689
32697037
639039759
893896620
494270657
665663187
668399115
72973803
815233756
86587268
755263090
791434243
935821755
505816122
399717218
922575600
158147453
792550116
814970797
365812998
497224261
152501656
286114335
745522220
961838705
646421118
571719989
836184845
751547554
815410596
708394872
851336284
976172106
656704199
383654522
765050292
652378288
659001307
19408471
573828482
304752768
775095128
990501687
667384132
69575872
756077275
842427580
467162174
794217017
522249757
315478760
424503576
197305573
83001017
41483108
759880661
319553529
760836065
908203252
972374956
739762300
152718180
550623007
577731773
685703045
576899923
845839038
444506371
805014055
97122645
954429076
136041897
821087915
140557596
666361121
744658953
921630753
528402180
176271501
479849159
648023514
680492597
100019000
422980661
401518537
170321907
310904874
765636282
463769830
304623482
688546986
535970747
171307444
685390584
917282666
86738358
812895948
135254780
511499805
617957993
178779007
758045288
345049865
886687809
23833942
142935869
515212396
350122503
991919594
997915098
410167351
677000793
55119938
267580740
555829409
587024961
303814509
67610836
513732971
261282506
542381535
112135082
232275026
857595215
213708950
956963532
35689245
293523268
590718794
695734161
426598225
431674309
776958533
980466471
643691363
53951837
102278827
398532306
492357283
374968772
157232747
560250487
999248217
195459476
505976489
215707395
426911500
252484236
123854777
426039094
72771205
904814019
21668547
773981197
342776895
161393951
790906031
108124062
315259923
318847804
42637533
816299607
25195531
758235064
871164523
964595188
461311555
985840667
187086284
817058348
201678910
171349518
428843126
429854604
524076042
302157968
803773375
752290494
879505873
662526780
365530870
295397254
226255656
629455715
426713621
508296793
787090650
949608227
323658072
684771789
233574889
946806606
613043546
318743262
764848443
828697314
544712922
693999407
847827780
67936857
579592028
926017183
600536013
645088340
71725751
209699965
839571390
387512010
166953493
266401268
613297405
355022167
635281463
514175437
289421920
485104244
797448373
487470135
256925278
4599843
954180327
850627159
831302758
860600562
233292816
709686251
301552317
931071061
854381771
351047603
459504146
589564362
510950899
536632770
140516828
962365147
967821878
672166322
163539368
458943820
840896234
208549844
247793345
964998428
27618076
793841695
639838838
36606437
632625781
523120638
896458795
820135707
478212092
17866827
480142562
745659995
638755123
844051158
5106447
449776119
288552643
36427754
640816934
875426901
264749715
15325265
548758887
93749363
82585122
807962680
305465460
909114821
603668191
675042595
205848114
636195829
15476846
649718585
639769231
658240442
162766489
24132414
921468674
581906977
133278331
286520462
755328622
93418883
55173124
312310506
692054036
709289674
199422672
551030390
476467157
889191653
273415926
267332186
408052535
817581108
637733533
596901040
535701206
177835536
749556541
288194181
558802986
348430108
829176044
528558898
316749748
932645215
606341633
1103256
165391720
726401651
351400778
556628573
411041665
844437046
462575185
172572681
851671271
927376760
617413943
934310643
407545815
959511294
137307960
344327941
740221458
38350649
379557946
826584090
607080862
259916630
277821315
888933961
942507797
490015641
973313620
361627602
78870852
575166292
683094504
454154121
996143970
306371835
614909898
302364101
744186541
495561551
987073383
878100965
634063523
851927625
809969508
713502197
458767737
681731824
886770724
670532325
299151959
270390959
498020670
184975827
463769988
862715190
742385810
325503587
860696433
488792489
803706196
631233618
399257386
957062378
635594611
236062576
307148896
880845214
157150085
196034561
178320272
498913298
847389587
735526353
726478120
941656658
107522925
775790001
852336410
508215264
524672715
677174413
208404441
465745243
437393691
586990083
148375264
529229259
889182203
827267664
194281946
247015709
813812627
756927080
389255711
763183693
862392235
271783859
510444714
314802091
406309968
476334856
635233164
885072001
759608855
339164749
272347763
160434064
479207709
938237254
261901243
765668118
520455965
265575453
272043310
957018169
334455250
858171307
110153783
482401684
823139550
509207247
652230866
914348308
456149508
988229111
724152673
455724677
539045816
589284735
480993723
964213135
328439982
874409290
964857657
649506302
800748138
992789576
462658995
563029322
633161701
867641691
593415094
952050056
64545131
3857211
468165203
989399477
371909872
282288223
296089688
186240474
503268151
686697193
29174597
998920478
718171203
552145262
843005368
812162834
937741905
647518137
490041449
48661469
27981970
760518711
485480681
227484449
322957386
979679359
745196409
522740508
888044703
402037680
425929181
931367738
421890087
725793311
760439156
552517162
782655584
941740127
263503178
615304603
172515177
721705401
935628785
198710771
235724046
951502142
336438568
585200727
677079550
762800520
887594366
751838781
829496265
178968789
868721753
962967515
835928089
123676303
520829568
373469332
529111006
377200681
928133040
917929041
659785107
908455213
221144609
301877186
856155299
592180781
204429510
594377162
117248129
299457786
889227233
881014018
170380762
267340803
840918214
389366980
75368369
895819267
453655541
536914067
884619538
538719550
902914473
60105154
491193244
950946384
818956764
856256990
553931798
964710077
322374380
385846136
734103398
747256565
30491384
328102597
810323252
652767853
741218964
768649082
104968665
553256578
557154998
200035337
107911184
855871516
995764097
706129209
737423241
862289752
439110449
234330975
474659772
855571803
932811583
800901945
692331433
455959983
860045884
470961338
123833401
186957180
91714513
620894836
749382586
185096023
750766174
939683268
153264918
702510562
49969599
954666555
674281011
357754594
302982282
589471363
211959036
577387593
60340939
559206951
11123349
667679
69174959
487335796
818175789
780001751
658537287
420049477
449297791
742523505
137227803
653312225
219106510
778678617
289289241
962855412
7551280
915674241
540538935
320935614
596262856
774574573
333613615
424630796
148400472
590814684
974610975
383029884
64772202
886340401
502856113
490203010
476499760
147537014
169348202
665365104
509666996
63790656
611017570
632021664
405729138
997095655
205349464
803895789
645430359
301342898
130887229
916359860
601935971
249471542
923339236
233819812
805539748
805915096
317976627
91650107
884598502
202118758
14303564
871637681
882328982
519098109
609663554
411087651
844619477
408735642
969872875
470768953
708615444
306974679
416064395
214163117
705530077
493567237
36317303
341930278
490224898
427210734
286916672
781908485
470923553
57775691
807605874
646686123
580207230
462271397
39259715
186457669
92699457
239794577
812251133
728502471
773193932
322734224
801737778
503335735
999848533
250981541
968859109
527644001
91176305
517225495
691149711
82086529
411354610
384827743
662956053
294931123
71768932
211091754
554324812
765783383
512146457
673645250
638352558
30397077
546093985
395550480
702127892
856767443
854476396
176667936
277742800
908632749
555373217
205111744
842961201
259072646
995248145
46702227
916131175
125884296
724443077
30507498
532414723
967575637
573731651
927930083
14042469
446379689
362577285
12943970
722555580
508731525
61722871
580737375
174273736
965068655
645623395
627058131
917776278
633501691
756336341
394737838
605166306
715048055
364711887
730106058
988363870
723798394
511243192
443135740
86171848
529993037
156829269
360584495
648245559
455345245
407966784
408443134
191013472
181173270
337414578
105140518
591435041
519466954
314368764
42439928
896606400
63211330
244922142
596426880
370777101
837199027
311344426
118221998
753753298
388742843
578804176
846224227
275006760
836635906
165588847
387082189
760636682
941312534
27000793
196080028
605808299
128201388
498436849
898119493
854068656
56607193
946407859
735442882
147650494
273361024
337308520
537912607
593661007
721638482
806571457
549072630
286913793
764541597
990526459
322646714
555516346
545545433
737775854
264197080
958716974
925019099
269609862
53782782
535575602
900749799
155909685
506904599
657658072
997649945
829512728
854456552
392680236
555688488
556629685
48362965
193000957
784881177
899235103
952934212
315507573
233537088
75692386
506882784
306064200
502740245
290690240
352359278
970826521
957334835
405678556
530842878
409060707
189167153
600944181
232851192
503816014
639141058
58138822
136410537
453079031
884708353
718515643
745054177
545289054
697027219
393075081
105959581
97329138
22852439
149942420
710759535
811934142
199997032
49044762
691699756
699896761
175591570
165531920
789873549
588865
56574750
389629353
257654271
99286886
774978169
56308245
446270024
196699560
151927065
502399544
487000133
179657335
158768498
290305021
109192288
464213834
819757338
429531990
170130806
735087666
921210444
105170666
72575198
55919542
70571138
700406564
427360902
58898482
202932743
85697536
910398266
476372129
841479924
249998161
730299793
7437814
727579151
460751538
199770386
625299033
563089748
845074911
832307349
38253449
551419149
165480655
871416683
470991409
609822631
403314248
633886607
742678470
158822151
141518298
670616927
356598042
392771844
498202865
331817526
372368824
67901077
507640309
209066109
227583259
966525978
57411971
676237967
25529258
525066605
848742291
778505803
819925499
805996193
686877301
406860795
882826820
780272222
908000454
44236298
293109556
422965124
10890416
837818734
880330533
698822083
621183165
772772288
455305549
724013700
521945535
564601424
894354032
434673507
452648565
497110566
26561808
156820020
442205135
711989791
639320315
146868597
29968301
236465016
591389756
171130417
609673010
365230747
281266603
159176414
322212368
35299669
290482239
180150072
171473620
450839694
338979342
511077616
825502729
802501349
237151661
461656787
170056827
503588203
362390944
36638103
391007522
829891274
926023196
139059948
530306211
298857118
716318450
958455482
784826110
756753317
39167194
872643866
525185350
963384114
831226027
509513167
479356043
942582605
209014254
800732766
971151102
457378492
20838895
538763556
432336163
119525404
399419435
843163799
703659359
359398598
150438034
202952634
855856726
178471097
405343220
703721718
544386289
253586181
447259701
853423958
862133661
746420049
503796720
182205760
920589840
181270139
35072826
238548531
754762345
907034970
300268523
307641850
647800356
73097658
136299256
514134378
789319093
697704350
505222931
152633161
592633690
890461896
255785841
892508058
886505653
352956867
893822337
417497509
175707954
765926725
380936534
451848723
178161666
350126374
700363063
998583359
735836331
103605306
584016025
146755846
721396774
73449977
184642188
612746085
108329656
792580536
829370775
971383836
555217759
686931882
77046039
574125746
863758131
927476640
955035564
458591062
933756076
28485533
970491676
526153058
129812707
986336536
658581579
537494055
362665402
95249344
750711710
244204721
714010736
341370296
403177202
745452432
273112324
306371415
254599238
725712142
821852111
243749110
655053016
700977807
808091943
972803860
472998486
59248203
914343396
792858703
658875511
849788876
928830350
478097290
815927567
894839375
577167350
290336327
650202984
759874916
699581402
432903716
242963431
17833419
828388262
526265754
20160325
91432511
689270335
877807506
161472139
214748138
313647720
208072600
407089567
424903961
745710810
542600104
763448804
974543246
661266430
790260010
296103481
76077090
858212425
645940060
819113681
921873895
935291908
83742104
209264962
573319697
238385769
292666089
37290028
211221772
205874090
837234643
959370093
243748310
39408505
694376704
612318473
651623239
950711818
651094745
688487703
251717106
332022775
680485934
98326652
674219792
351713923
506637501
712245374
408770018
824951366
984204603
833190384
105838800
946394913
589534017
84417907
318120884
612387262
603099190
703346526
560187320
27115423
202821864
511126881
122647518
328731643
337870508
970930677
257096517
710668034
45225268
468006131
658580028
352071184
390413110
346958862
76798859
416727359
326677797
896220774
24919202
247677261
539658987
387806161
299523399
506064767
577019754
15600609
765063598
76291173
599090269
845696071
178879618
19529509
631144555
371300180
853910834
984354171
121507803
459794949
354279993
908008448
166799160
590574585
359115991
963084081
833043051
662637297
244470280
283363698
614108187
865043385
337987787
801322683
357647767
970643505
102758659
430174399
512831319
409203628
427753808
739971876
491067901
821642628
805306597
932586274
784092692
800315840
340534184
827681378
636659290
720234054
447962430
937817056
999504986
565672432
232668450
801821311
717814223
669924510
319515394
924798433
372737167
592670699
144663836
744098091
691082628
709517828
974735358
687782926
773506096
301497645
696074111
789637753
820615008
32330601
666220012
745878724
940529118
36493806
511919573
431813385
677013602
544981514
596723569
952475745
674711309
76841982
705527604
389593509
381976319
116750443
13154777
452083404
36761063
716775963
979663032
783000292
779926238
54180295
764526914
946686127
343456649
761361081
386815193
110559486
144682415
61889648
818368249
465428076
29877747
595100833
957387745
303462829
600687800
853224600
37852691
567318597
974691955
815585846
954622745
943421872
695790951
716002749
522350068
251088072
670811417
411016279
929265155
675738365
809097020
49828002
80219584
951483106
463248049
774849708
583960668
510216924
482629341
953872563
574747546
185390771
283942452
478382305
285046085
323614195
574763944
599621530
127068727
765979095
430954604
786237034
965425049
862212229
675410928
75759241
593148824
302325123
714646423
492261837
306666202
68874590
377999973
107854263
372223249
611278936
79035518
145173653
446590318
128911727
68256990
976701016
153737586
740404436
919388139
831977094
356735467
942506444
221636937
835623561
555431576
67722810
467773957
908452350
782687063
749986271
371897236
892063278
127131402
57675457
705250569
896104638
405228663
366818011
734581045
169919887
325409299
931562722
499703100
647903702
912923369
112511067
509003218
758168740
169713483
293453147
597510968
396216524
530533660
485519997
270580976
540575028
739489062
500683468
763022079
248465762
540839514
232851774
881001709
449692635
707378345
946394347
238165822
976301596
806894316
615907146
848183240
96203010
947019176
460102859
502558703
350062825
975468734
791355529
587292589
147667495
308847256
878098905
560609273
314509154
406505316
219630713
475662281
101366035
218545365
564778862
522099761
265578886
699341831
367875424
342445305
549708329
260297196
639610352
598850758
199083155
962897632
270868301
469499922
357426771
933305515
694632991
100744623
451765290
933203149
52276569
816921171
997583502
393094850
795118847
572781869
116883990
230513198
840349471
970496974
971771711
503975683
617641649
28010649
669214551
293763327
979676170
488799943
207306688
604612205
600085296
305327885
631902757
957700495
398771150
451713421
874209880
377554844
217461832
146384430
238554545
773894826
566093456
248472122
448772592
858842933
436137338
443561446
25836494
89222436
869893258
928492883
841387317
201118180
662030197
716538744
821841739
782427825
288874623
893381445
275704742
882618427
824723339
179242651
243844458
567456867
586377775
538782464
756566174
157814812
968631905
633832385
790262633
788080805
646162888
225810843
586007440
465712601
678726039
457731225
623377838
398403834
753881328
919257875
289282009
829507096
446513657
337292319
275222585
802354643
251762594
311309809
226976278
370919926
711879204
477551418
919498339
166118587
119880218
912239669
933081055
492148765
510382069
798509800
665349157
516090330
223142278
418255691
951121022
246121208
2963080
974058685
95102050
521665042
5167836
945094659
284784835
255220232
733711220
908261289
903790499
759899693
235797051
687944468
926440563
862588371
445816878
703530074
800083564
584708859
49902182
426996254
859659622
867954754
443189072
849099961
253517615
803736458
469095212
711550888
285844265
709892013
23614327
932616828
673013177
335344263
255586487
49261299
616290565
495686915
845495639
845014980
739097561
99901289
714484079
298849425
864097270
56476871
314658568
970948843
703884548
394244018
799151254
16431238
283253537
957149153
39619440
584457603
868156178
297810075
241858805
254327114
612941396
190626342
262746086
761100567
197290844
833963734
656188940
181580112
620513596
599918834
580849735
730683012
108667494
450332580
70237563
937125763
326058540
224306469
760584855
207132934
812605175
596980370
31411414
749863323
611927672
164981427
954757814
992339639
34636479
896815197
965766409
469218045
424507860
428312258
501605902
76857241
160089121
490644766
753778153
111980183
796264683
495011727
480163947
25667400
351582779
206962445
549810893
741871271
539325685
655781914
369245296
718777947
615744645
33914884
485322272
588660428
534989145
587185159
540324826
790295086
214374851
964732388
906418674
172539783
253038453
156446701
549890314
956799806
292022671
324653873
311759101
644195568
533456724
37956527
614241391
708448482
312228985
180587705
667975654
325206512
52983983
300415951
903560275
373704389
561301012
215926712
795355274
267027406
421421561
471139260
709854436
852905363
862290112
626431915
520847565
200544644
576882701
386849454
256856497
130525863
220120332
56098319
752991981
71857437
535121277
442479819
227304288
538666674
664579086
870181291
910283547
969853770
717255413
902260452
559536910
986183284
922030755
89600257
710148309
170858038
84341669
734932928
148879970
236741785
59449208
335381459
234402456
645181714
194035795
588122894
398606657
599288806
536782380
845543330
40665795
471407352
975463669
54607859
831354302
243428727
998386808
75820026
477850004
412825472
339271548
542806939
385398915
744583812
671348228
45061206
724086596
851924812
970086430
628158294
586129051
739290793
669462105
937209075
997648598
789999305
86570922
479079678
352347121
46531181
448568608
625058000
859120244
847799832
734675076
909762784
114448586
930304126
991276000
702192669
147912891
115603442
182257204
431304802
95295135
394167161
381474584
848874366
392188231
537401009
917865423
388782488
891325175
657768327
129323432
176069350
823133470
982141527
475550444
380809984
184640742
113075827
955512167
456782812
643648485
244507913
44916395
980068816
454832884
873145462
301083174
154532923
349408544
529007054
995585490
190852168
871150549
800111886
295300525
530491065
799717145
429248807
462044925
742460611
126460293
922448777
206297011
992877782
142271999
394229239
639495068
108494775
580751065
617764346
987929980
232123294
461035702
571245730
62036449
765240204
87413570
333120185
57663952
37987773
59567647
825582416
867154821
221672603
679087282
554279031
225321987
3125152
867078897
212217903
231580509
764355810
334802443
118802352
828115604
444804954
260160805
814212922
22882734
619088478
275523653
911617000
220321142
821782364
328932294
604772047
683980201
441170542
610809364
978769705
106835778
322747224
74889408
709125721
709169015
970634118
13873888
214678267
494249454
306299429
416939820
115717017
888318492
403136435
915857988
71354771
182306930
104889987
595116214
793998842
802893212
414249255
270764571
456340244
561160102
563514832
470201101
172592436
201475341
818989526
297560764
520838921
817549957
732810122
23310053
417234212
564715819
959305396
666111815
785518920
572269575
78944966
439422937
419960302
992412723
989382854
604899098
613493953
705793475
84666923
97049051
867375416
641633036
559890143
731672709
254524433
935663194
362831087
359414273
280579170
489150896
508131373
526977224
551251309
900714742
214823432
696405746
165575536
410167762
457901840
82614960
519533594
701354903
687543071
20999073
556430378
553626193
624350710
339203009
486736389
845171152
292788979
953624263
523908100
381805362
760385570
897732813
821454474
387276360
808194696
303197995
751255211
785724225
697637743
667795481
940066879
993172027
336938084
93759310
348383976
225539936
694935501
78786867
138812618
148993303
923907999
287640513
355877739
115049532
536702326
108035804
387719438
812090880
117237544
54983973
91043547
425019476
234337710
648487209
308730980
914959827
613023262
803785990
65379253
421325058
868515377
74221227
8587862
95953963
808968865
695579677
312204145
1078974
684460739
531279804
149285850
644085096
597560182
189538283
891177424
176714388
528107860
982513971
602170140
46197744
275561772
728243572
809670533
997290933
521116908
987671945
775049893
947705294
663506544
685352003
40612544
706493021
342662742
590458704
516721299
734963766
706464279
9920565
49079271
587737354
69933621
954414004
517611905
801478186
952982014
490393501
986525240
70710833
21773701
282243718
862802424
409158308
682002593
566491193
549442203
93031544
767109938
367117017
58003514
788368704
87930300
147490460
437490489
149888878
851865959
929090173
563256038
248117928
402176305
158638603
6906544
624633658
782215580
951056096
218651388
869913668
942643982
244048991
671226879
400336843
891881601
449419235
592714052
230697707
170937018
747791319
567622636
851180852
966034626
785666994
581513218
663267309
719035774
148819666
209450575
576830058
107448487
563416416
695587466
500741360
335723023
499912082
569013420
15695218
803112581
340765325
945432645
689187398
43956074
546469672
209327856
302535285
598117244
775185538
455162834
930429306
562047397
517210907
487210093
315842152
156136747
983025477
451196195
286868044
3771281
395820783
82198322
347026437
16243385
233465078
807393118
392242472
943825989
188932636
381422338
469479897
494716849
939820145
394692316
326812740
112928168
288172255
309718515
86663282
980092142
152548741
431585574
495107618
875715626
393928863
761976960
318747453
334862344
47911541
122365472
816176982
940369646
973328776
270170330
782497300
214569830
693587286
910715993
973838601
646627044
370571551
285966564
901122150
54822651
620239975
428625128
923031987
577126986
575580552
88654981
292051291
968543192
425676434
378767977
377656131
655643592
136505889
54692950
586383419
483414619
607329013
704630535
655635903
189876218
139321357
269796582
687425007
695985844
318760435
192537331
725093542
245641570
763775895
625547170
927989206
997819074
486269445
237170484
522912345
669642533
538973985
939949656
785621145
367990656
951227261
243890506
646783044
814973374
147730193
627689350
545013035
355429284
393733522
824775858
225722749
707273720
898011873
299642360
684977700
729967647
957224202
730494466
70633529
691075028
832128479
2000403
114307302
444953374
698351210
856389974
104895217
684620091
281969875
4713469
714188036
696941657
660118178
450756881
731423291
364787409
965261004
53576864
883072162
551160053
226822553
317045871
518355226
515009676
136772018
516897249
62902433
563341705
635234905
278052444
909254883
955229742
127616630
747088558
510085549
432630962
723420665
127220061
445228778
140918752
424431371
445850563
655330515
874015934
446984624
117228369
773614986
754942488
786558063
557892085
653442091
84822650
812639889
575172330
226277290
498379332
229943978
439572650
761434939
668564188
137746266
889732656
352204764
78913301
149707641
879916059
643966169
960429939
613018365
966051362
63878555
313019822
402945606
107710258
233994291
110343447
942319115
782219473
170085005
246615836
203659623
724321495
837635236
41721962
932812125
972024263
321236947
262841043
159934923
546724762
860753743
98638918
537866793
592426108
281317427
738053661
904763930
968615634
708624408
156340128
78381500
337700786
461815647
786570803
465162782
644413699
617770805
613782048
128878910
775419904
762452762
41779445
253437810
824004398
916492037
506823073
145968329
212922274
87586359
282923009
604487284
183749368
919341959
799293756
836984651
535835547
213833601
888135759
852019026
93026540
73515304
208420452
24338318
271021268
545835302
724510634
741776859
225438098
271446926
283379757
437124164
600744994
9339780
333053571
284657522
729130953
520938575
213911141
283170781
733227475
952746291
630035411
396937343
896581828
970117708
588833611
758954961
972250713
13459353
582839612
792043943
573019112
779891871
973409362
951734016
895641749
270323649
218738607
864634620
427682720
553942923
752320261
131101946
76411416
228205321
295199335
328463307
529365718
66834903
309048858
738425634
360813901
542279773
746855814
842247874
541836040
230420469
134635380
633209692
344363696
625202459
443590594
889161731
455737269
566771121
422151722
484497970
358534279
512488933
165682076
83216743
658565743
473367357
453276082
670461919
287869325
404830492
946995671
98469634
941884098
701293457
366726376
681867567
412199600
446499944
740675727
873392284
218846998
290422307
3201991
307714618
830161398
360349843
484019013
132717688
70757333
565273415
44861026
924609034
930234041
823088083
56306490
424369760
986253845
364451456
872265970
975084297
768059046
198346463
674211394
145758015
341591652
399238087
990210771
808509334
391109256
716284074
571003936
956539292
506499709
411727308
772181134
932984500
340423855
576229170
874598099
862623340
591320652
86651555
444829554
541747012
692863883
558845103
748889701
272198584
745273828
57083237
21792645
502906194
609375262
521184487
472975561
188004531
763838978
280936887
789061975
876335569
589638347
786381989
917819064
65963106
948227034
658103995
555226545
763495754
855786969
388292398
945740649
543657924
769753962
888454560
572029700
982742719
852946084
892211554
106379694
144137273
18413297
203003391
773158057
850625044
863912224
227275694
982167515
767362315
255045535
41906379
854649827
544945600
608473757
514717074
817641547
799138628
411736924
975456437
612079611
885969599
211830474
690740397
213668589
964912818
399774373
487749912
784772146
246167880
718273736
572470852
869659612
963005695
425229766
877080954
185139366
492848352
958653353
938460793
367530342
293058750
540814740
670030690
994031235
730338144
736025982
742123338
72150071
242998618
685790657
151266400
925255573
240094114
911359621
810581339
612115364
754103659
86967378
876443554
863687404
643083886
493086051
318800281
728362802
184895419
67176525
350172323
18723910
621911062
811689974
89338750
657849103
426418627
574551893
910972566
605490753
354356007
531503099
664969616
831188654
517935880
142213037
543409325
124870201
581987841
870450255
290647114
577864389
985004186
811917926
642878241
455472880
867329679
132951424
311555998
773276518
838188227
536701219
11783905
687663583
50560317
218467762
215748226
253095389
832639187
125815508
789742260
668667650
760856598
529816056
341447688
547318573
100725354
16191262
219631766
744167576
707523835
305346828
653470409
885944557
645607156
847213032
301886276
445743345
784763103
107975795
592879917
413490316
358068749
180418760
612813625
199060813
850806691
251034876
319966389
384769490
946093038
673268605
721802870
591181606
759477488
632349742
357052268
727823923
210169537
664726522
247010728
924625915
530235960
373776741
835010090
945529834
644138465
720931047
621157331
670763090
804031030
839211026
382452471
744527001
291317548
513213317
473900165
988786860
812958422
31530659
872419981
990087334
69596807
819985780
221272484
540724393
227097806
742160694
456089785
354484455
340864172
461503921
465029383
187892996
10634770
940884937
482294355
440141544
288880664
693663607
282923269
745043840
618955451
858713144
994475175
642647411
147067219
311227613
133108735
258675659
836970294
316689136
121736928
499061050
883135367
214743946
136755488
7226007
111879811
904961773
825650355
446917741
824786119
296587972
687377426
907236484
241231113
406498772
233528979
82129714
333592491
419134351
644295394
222558436
604819815
437346894
216090645
272058310
899127629
434713920
685470342
825224173
835897412
439494311
820896675
63169790
905395865
133015635
262291724
111603962
753102142
999242380
756816667
106506523
45350444
458966747
541272739
122685649
306138571
325479018
658988298
103712025
572410997
618570722
545147458
42039277
145747928
956884964
377622593
758610627
213622876
803648829
936693071
684998276
236356234
652429830
644447945
768388151
627039764
345016474
331647986
158522805
232841311
117742522
717686627
900837145
597406545
37985696
784945720
865650325
706998090
135704867
522512487
442069055
121835540
517194278
577531569
508600850
603921381
420555122
465865015
869338913
683781986
695608375
899684031
714670966
834671122
513393764
237649965
963552460
870220973
455918745
119634753
461866027
267041754
589423417
568296306
756321210
386853799
362499397
60558169
272872207
256925383
732189327
115474782
143196651
935561468
769624639
470838923
503220855
788048136
384864962
325713670
967457877
751020647
682290765
98755910
80289832
883498222
762285636
531854151
887837401
721360543
117845938
101490726
700335161
160500758
878689787
851776685
384398605
994387287
157718987
802064787
216874839
335272455
660681506
746336311
188498445
142031431
659753244
330766298
94290475
149992471
958544602
345070293
785782144
286794734
946515869
998226386
130145198
876464493
42148781
508976875
41990169
660393742
915424985
109124451
811470601
157158590
984562762
361029448
444538157
213746222
881741063
276289363
808905502
833234507
806741858
144813685
845342251
40087183
685392646
595951963
492615551
651907176
625774873
800809205
294383983
313337569
524038310
239781778
966867360
521830759
845190664
310790463
269720229
247012155
546725822
681961584
728381752
565822209
155746935
773794039
573486235
405676037
744172690
859126052
86777502
365312649
654353403
655630690
200797834
317638879
433353617
722011239
869825886
431273813
444698755
985673921
522785426
281765757
328030217
402519335
861863488
130947525
402361211
586115533
879039269
138387615
717956595
207864016
157869445
328155060
95384760
556847575
114389397
11335101
203450986
44960486
123509061
907289956
31168324
219657780
505201189
311268942
926725689
743266260
140488471
532407431
773680886
52393647
639085437
734952186
553300640
847474986
521749527
293714188
666393201
40386272
392952487
558641377
847451787
938389335
993540478
806473011
95219029
82551281
569348933
98789660
534582839
316668115
848178952
272248758
67362118
743236692
482687151
147201662
851740835
800469001
735458305
665338670
796569053
972630951
857862634
124216663
71881788
602900191
507687181
499921433
138296587
865474193
748498006
82795300
813626712
851489676
67456450
499981246
415115077
837025412
387683247
778437942
950370534
458161391
59050838
996988103
749405552
739692324
629919500
356596278
573863315
912331217
270490617
975523753
150698379
956132050
855992839
283223178
17281647
281788190
556389408
699226137
437331616
507616310
917494644
927055275
992040593
160199818
761802045
25931822
769859068
31249065
891188410
64438871
402991035
234010419
678473245
639052371
814380198
380682748
120524594
270495674
239037592
816063618
12039526
11465305
973816589
498137965
492529499
608922323
427027092
552785345
198484673
370634780
854782762
403873262
56287465
227360351
719396550
777408285
626285380
213778795
231582557
909317161
699723656
252453082
552480296
669674946
581711741
171190849
787401405
557549664
192573843
373063262
811925325
258441314
475789690
673490889
711420396
702826389
562145445
595804741
533717894
116113077
442946791
714822757
801932626
884305823
72688530
428692144
330037460
56930716
160385520
436112946
172342718
128849125
947731162
422500050
888347332
903519633
85349806
891223963
283190916
140019045
230539237
701806560
380875337
187079919
547921951
460550885
9146183
318363336
460755266
404684472
788928541
218577240
181573091
491956464
205386575
349803780
342247014
453103845
677795286
411618843
87123630
177758110
580864283
118802188
75538228
950218201
806335305
716495745
900960383
84174870
693267009
972744251
360227847
344324440
50048431
870371893
180121770
958273342
417852447
202893148
114910450
242136320
602845598
26649204
133976957
814862313
215540231
407169369
438805909
112867494
14854407
617106344
287660383
445270214
234773667
640715693
609696726
614757700
677199272
396182653
150908281
950770351
338022194
89115419
249906774
732878128
872674825
878063582
23981499
735066934
969530923
369476593
143089189
933286088
91045288
254351500
380657940
998158788
561712224
450568021
595171233
918077677
520241476
595736108
15360685
272647671
952454969
227894530
298424942
262228745
418961782
372689138
130413355
526697844
97860756
968806159
722969072
722760902
99694308
368459079
909024085
888981721
472920037
278011583
737233534
157700084
826551601
513121527
721743816
781468514
343820865
206030984
354339692
806040161
421898847
669541884
772191323
981858075
38004466
606213971
894713853
250994394
123122402
614672251
99591870
686315213
218496390
831140567
924889134
111408720
348402223
639079956
202568641
37205465
432868344
662065049
363303285
776775324
940367467
399768832
171801889
453819967
62674314
223186238
766841058
126249748
643454023
208596854
542006682
603767619
800319797
625152736
150053720
492027839
554755354
814278873
466911782
284440692
859919043
139780539
400928476
909759497
814318438
472336018
836682678
549985990
947355410
765200887
612506492
87021842
332534873
666850928
557753785
192063393
914052790
379150797
627434117
704849747
598726414
66539849
179289239
401004883
649648489
389173017
778525385
379277610
195507059
139443241
381905414
87540839
743066693
121651867
944439005
857408017
737490998
635718007
419482152
155256310
31878597
780880887
419130590
144142976
985046930
582163924
220849531
138149712
403826757
55224592
483363198
949107093
99099342
250914547
145797606
714058397
806828300
679887864
166222118
916610137
277703237
834654045
627080714
242869966
686497337
549698561
465594144
46561834
616936831
468941643
167059491
125294951
442419142
457304821
347001685
165497782
6717924
754789050
885070343
694882703
83582874
487001656
270152546
74383654
515483751
714939128
998299451
833843186
505360228
501624697
979682540
920527640
50532942
695226835
615583636
899483804
322779662
743291245
668367613
154047020
822513231
589313368
829883050
923363739
557337390
740260212
137198237
659784959
395743314
52747883
786314706
976546159
591553284
471793015
323436097
690948873
895518898
764004000
849137804
505931478
218698844
551038944
886479266
60650079
601172200
347521967
153660027
723308971
740409546
17644420
55284314
612717914
227563863
597084426
967774106
680438764
133842379
745816955
588961955
538991774
104596609
247159951
679150218
633901105
196716837
582528105
841346322
483960872
537297138
867102385
312858724
176632955
243343306
671799593
47696015
850497319
36573150
304649104
179220573
453026259
345269333
867899780
265904915
279428751
914756314
228346336
225960231
383488248
729098246
611508575
339937571
58130980
896546067
601118279
676865814
255796622
658084433
343293807
600033899
790952368
420548983
187025938
72601446
331373718
78421679
706891403
547458121
627808000
889121971
831537368
853070016
479806367
104074030
457360065
546193740
323382552
241906047
550391219
290962286
65221673
422263822
722269675
612818978
942107103
755885239
318585910
480811265
164407978
466409751
561836953
683359889
584092237
930711493
954453271
883979142
857591626
771699467
159429162
519292823
76068003
584931610
360833643
622182107
165249600
439153218
220404632
893618453
421718567
344654298
380719276
825812872
702694511
721990439
754505113
861058022
119370606
56541367
390182569
975969398
2180666
418848266
478223499
503364992
666467653
875648427
866877684
468063349
297203544
821183481
437038490
960327561
4877813
511946374
869890933
973166753
564213729
724774604
8825318
607941866
547944450
347730283
249296015
272155151
847188705
291239108
265211490
819518215
879950043
889768085
654810569
1505588
335277744
507896613
755127615
6128112
664213902
781859590
741555004
714478466
820672186
139872063
600765060
793434746
810739021
644005832
487023355
457439175
770590334
466122935
234131064
500801393
281928438
983656817
607756432
599661376
685806999
53020270
838292931
269512887
73719487
263898310
238573171
361249580
898679669
593744038
555472337
514932424
170562506
886249642
376949905
37855337
359547227
708555946
425829314
250950123
73126519
91999160
589073720
524496955
518293321
647733650
341826433
601957850
231573726
964842936
307367138
375746755
804815026
480803162
505139067
32735102
835533027
66627832
775033683
43455834
578693266
168433635
315918363
62239490
195867449
774050405
428205163
149429062
81453862
104832031
481135917
141166362
844358530
541122668
739419748
337604330
410327632
432314109
610127215
817682694
182075995
169436885
415384306
226489548
762770878
393191893
398265784
664956775
600008008
552876848
343311804
626841070
796256946
534219487
446215440
335768250
408050211
161150530
203769614
365409784
517199671
22561092
881428430
697753409
300713821
50258324
120250794
527802506
353274854
665019971
282391376
528584218
530607735
415255724
987640389
646388705
73238232
754708373
34501880
310819824
236008917
760828276
339443278
256554402
980926292
99441073
145880820
545149649
630782906
539029190
10837568
56848494
883541778
118815501
978149625
642391393
837123672
328441403
960403032
188471085
6323502
425778479
540429904
890339085
462429854
222034591
243574517
259590189
313374688
341981342
277521893
724163072
461154014
471225607
221931050
179620573
974090264
109063025
431874840
208635422
392960046
387965938
839574587
45287314
469231468
232128282
60518392
170117324
726039006
684252869
703109729
557276248
572432534
341782817
847382524
877195284
344359458
567410048
585300194
220936772
492992152
249732035
289315143
620529310
380430268
884127977
664388503
885666684
254822100
33513813
701211170
564671023
594756477
545662311
791468761
94015233
127165388
860090149
243101977
867512350
429525765
482439764
486472985
685729240
132781277
802902007
546293350
76488701
683969794
35565845
581414061
28532061
901914940
210424145
314385933
455436967
418595336
224301195
694953225
491608786
351436562
864683496
143463705
488015791
345118359
950867202
886445843
867534079
101793498
381436933
249070647
279264656
940020933
395553949
214100503
272081218
515257153
66876421
811692047
439720609
692638728
755864098
659524763
772735729
880974935
235381997
829484947
439756814
408897908
194411447
397030579
711964293
380163794
51545302
756499886
562444386
922868658
951002905
416309175
231935399
905624330
356350795
628079540
496890211
175080422
317685413
700548552
965860573
101269646
710821032
374597802
438114253
866848
635611529
472311624
1210793
130444982
751545567
180426961
956961865
817199865
156323856
905932466
849892360
288013791
748530357
900285227
440147313
978897922
485217523
505614145
11332792
539590575
764072353
819647410
336382744
55954551
4964465
709927415
442821994
801349139
764812143
249351381
644576756
158071720
485922022
920197364
600608940
53316327
897206992
481003047
160720319
935645696
805023975
411408708
700713670
36535737
763640016
300543633
505693630
435543437
221005440
41846863
615380482
671254053
328833687
328676208
662625798
134544095
835954318
702568746
525645406
551356326
120207697
466482808
229343874
294279846
388541192
900818839
203854792
177489835
79861332
34608859
712893002
895065139
420260815
649672162
754333492
623840018
78749222
114131563
318080116
874780509
398259689
470935418
63164329
913020896
297569947
918682781
964517223
719643973
477088075
964723945
289572560
211130576
443478575
975570708
129989235
694606698
629642049
592185940
91461456
366191446
403851127
869642781
236880723
676893190
489956525
14382757
874326247
94023938
258107420
925021291
403651921
865673601
17341107
835861431
788809325
216950619
507639891
846938906
646514782
327796985
539126841
863168893
471816804
415593531
524503299
263389917
300873871
730443249
298103862
840860835
163292233
778314035
396653998
849169248
802864446
706987930
791926727
759858971
860407555
347024690
348305192
104057776
339175659
228652047
707601620
9838061
658064507
40876032
391495929
604167666
551390633
93640163
732547954
713675663
803988507
126532532
920990613
698754156
92427623
620358572
645038747
44858041
628679165
665646526
759913344
342547772
138443057
807901309
137039965
212056982
457891938
135907974
460764497
667018205
9291233
601503513
574376592
14392015
975357808
232370385
108952833
815284806
270481514
447146902
793924735
554595035
272538911
362139927
859980641
427119640
662961995
966540062
385230844
879816540
958537736
745126751
937832110
70953222
397714431
284224756
870548484
737495319
153141583
826168369
396423139
241957369
317677687
534752631
151573676
740614299
390363077
396209571
135403339
878919570
729247126
613480772
866731007
549341633
480632692
108804517
827945751
187315235
326359212
811742100
744082519
973752662
863680831
803064058
844547531
29264636
485474170
325353393
523793021
648375108
833665199
306002997
510016402
337970847
570088769
331385311
507981833
577265125
710907412
576051442
360382531
64741569
673465880
131232900
563064662
703277533
372789142
545653269
106073193
602998787
299855620
547284466
517067218
64492913
692997640
168052914
140430111
856001484
412926685
191405200
664377435
256021940
524612038
426992340
236431622
223252400
270631479
940060601
837030594
958579170
196144941
756511039
361664752
347776435
667368091
200902476
475867442
344838588
207181808
883378548
320094109
889720014
668518675
537862789
325574252
644318259
240057773
649174684
52351739
926672371
937487903
353290444
721654487
615232126
463755389
729144192
350634420
256322038
959244227
988516252
880300875
306631531
947937476
613263186
502607579
953656422
404660946
422661906
862061432
330115302
833076456
189157042
361700084
964917639
6755599
285471940
422437176
998215245
442816389
990806793
721130967
363892253
55593785
273340150
804805048
41501582
634062994
355194582
475639882
785931023
133020582
795077045
172057432
985651000
956070854
80683034
181859880
27716783
44232655
560419299
285222408
406157878
252795693
618508892
400256445
600580381
899197786
609966703
558805726
981610279
605394153
519509902
905063197
967193370
248104750
391339614
824812227
851720986
388856587
661889724
555517489
216653014
182465930
553349633
308979197
610128121
52634590
382527026
299898631
465441328
18988109
424785210
326716898
815080403
701095457
865388615
213362099
977847276
267143672
999607954
228809171
469910250
766225949
815527421
371004669
94955923
774945954
872829384
592517231
127063452
600935662
6677485
172634489
939193523
264688370
660843549
340470885
692313317
298986664
923006604
789870564
353354534
938066917
995283819
63913361
341348048
451750012
808099668
53957910
80083251
243667405
582443972
45471603
378859273
14022261
816749622
136681178
475414677
661247342
858669174
265023210
4251890
487564445
939979119
59384757
266130076
848757074
825928259
744295866
327710918
192572492
701048867
640836939
437621906
565874913
774749732
802561733
360947322
869198643
723866017
986138608
355263035
847592208
27487506
830980970
372690350
752777565
120662368
549097325
570857526
952256999
280144859
273421150
514621753
921816731
206408689
718865259
677850625
736421509
573734444
737379289
838841873
622910021
257150159
790593342
51991247
436891096
948023065
543655882
221041076
173675196
114963174
415014180
535525940
351367806
394625821
194807858
919653055
602687940
619402070
874540089
211697455
825084952
995928794
96450211
966495660
183217558
226516709
70611349
688826562
259063464
514938018
69315777
778599076
506397747
492301736
64825914
85160872
406502674
170351963
147710654
290945412
710173900
384251656
174790558
916941362
503454952
84678506
526791507
675495965
450839672
276161040
568171349
885199233
870702330
108640910
211892399
996738006
698838979
902138424
914140201
34860823
28515366
248926430
799508880
864082458
308446488
918210968
252204221
318839188
206186632
880254240
169865706
415386688
96950446
778588104
101851833
186576299
567018967
874031094
160177971
543320777
260870885
554169974
83777906
751808233
875722785
771185721
128891051
60065490
997608443
969807985
337503258
47550729
451854783
404704584
409301883
71590863
332628630
126133830
230083054
846847175
181009257
90380957
55141054
628958629
868245197
484188240
633660262
150542850
52587544
723707336
385280206
970447610
960161791
171298387
782861694
603492620
755272568
443650164
950300073
51043498
959893349
406699557
627279073
207070830
55862297
978917697
171089088
246061752
652355416
31316524
230593740
106950783
862342724
60286108
128376610
516876041
657057143
597124389
269074517
67927096
395215337
252253931
203916486
769494046
661058398
179467095
107554592
720115289
788613411
90136365
479428919
895969164
639862588
444584599
139001567
792873111
704268620
576936543
574290172
169865267
821268425
50780126
689261210
746658121
153362113
76827957
129288186
523770210
152873251
923181179
681039833
649478127
88017084
363464854
66318574
399619439
321748445
689762837
788526873
976554541
380524889
102905962
959275996
501347648
853578375
189277831
264047820
978593287
298804463
116665452
326834090
615274105
564175690
854946223
154248108
122956510
501628922
685641819
844934614
633350746
942995126
38262385
795840191
668083576
61884443
672272983
576872417
878252658
402478797
448698912
341317174
542235456
233871402
645941420
668090877
90131771
44235195
380855020
755269248
260452393
961417089
447556200
831635603
589736997
447230427
802270508
118583910
207312087
272321706
767894509
318051306
472654241
654734188
788107878
734342844
389739545
896697756
993343223
732756291
158055084
231345132
217032121
634223331
879156208
656319741
742400707
730242408
319379732
656509077
928272141
512684888
720371203
768461735
758769813
388010281
202879920
885260721
743920920
162691995
553087045
617300586
415246381
418780394
866200836
274156069
341932089
949286010
426384142
361035932
135547587
219414173
888624729
583625105
66273347
767331690
311745452
286328506
103532317
892230926
548843584
492133252
407778919
491480086
949280373
6561274
626742883
261443392
664036393
517405326
687207277
771869365
888150173
202630716
373728050
557651852
134535336
162698196
225538842
172230312
113797073
454098405
17106855
76282520
637791673
633635188
1050006
759835452
183349890
296139456
535963238
643447584
929203751
750263856
193823408
169205811
602774675
905267522
347874810
218720161
662557880
627592266
45064687
60996766
19273824
885041696
717369781
24123209
702698787
269623337
123000388
173227446
280947133
423256521
996894053
735886334
195173930
664904517
110509134
530931686
671041890
91893404
942865330
827282428
448215053
361335270
165448379
205121256
103038280
957461395
652129237
220773218
390539588
440323227
390064191
308208035
764827763
110600902
406888718
156045179
286512205
466471466
668210805
726565328
163695833
633239153
411487161
600102927
151938672
159418613
768454660
725563571
136934320
202870380
258037687
730715059
690278208
560770745
3220679
118973127
800150391
999918355
795611370
726236064
945494514
800998349
935679503
789594366
673859906
307257126
123494989
966181201
305322020
538762424
128116723
146690784
273473393
334033865
448666310
319544547
84452600
36351449
708844150
983817980
509248638
48785620
251388231
790599992
833951472
64304838
998069950
913718541
748451190
814585010
822862129
695426501
731401127
337564303
109458004
647500358
813735428
27339045
149833133
383614027
788714155
248390087
598320368
828544076
689200553
663947429
449987077
161366550
999837226
932346758
671914044
493056048
769838624
206038211
548423310
305872442
559417443
63272629
816729807
452566410
70696299
891478112
157247597
397075567
309893329
259706199
139710701
212383353
181626603
777393811
884260803
242694671
257824485
442858445
388094506
407248426
3953997
975803403
456846413
163625075
800087809
636106973
587869281
123999511
30878751
531222648
786462310
27256954
423912187
528006580
342435019
975224322
468993905
7207283
184540392
125637398
323251990
888232768
497402853
433465171
691348130
924442464
713135945
983885296
693885531
896839919
284169191
245498360
528380757
15937195
360312950
631453266
311661056
640596386
73521721
539389668
638634131
751403285
771747706
288876828
729357506
566409534
479247314
896023564
931098668
557409959
545698689
409955653
178400658
321642095
89060892
733910840
701688460
56185038
161928838
866400932
90790562
973495932
102977014
403262500
798927964
948336831
281493949
529635076
590547054
799259911
455933500
142226161
987981081
469223243
121039568
126162579
483580496
516238550
371008108
690415450
788638330
901107935
755611673
631112696
719513832
161218073
641580786
458616151
592104099
981526196
881443421
228699292
826513137
300657133
536202456
464095789
104102182
372035670
716548391
694034719
305289913
565674785
437570207
98005805
498639728
23435189
133182275
428256055
802926603
727100142
842586047
236890645
790782156
532160622
119135199
368479297
746590538
682191931
506189627
551672602
227497655
91905116
824818082
382853813
825976378
143478943
990337355
348648606
930887009
82803711
923760323
995932077
598284204
755922874
319794550
161581848
847124680
581559663
597716913
946493100
199566710
958615914
672633098
239761828
639328018
788773251
284791938
804692078
844204685
892009846
742518985
990057841
126336983
676547565
600217215
907229457
495713617
705616043
474465060
939526009
754582216
106545088
901745097
878651964
446861996
525533581
904129683
448461719
584242201
480799613
146661024
458786448
870112570
62091435
240658191
536378942
6695661
449664330
951501731
786145360
930477066
490482109
633108201
241788257
911467680
266673816
285751063
275412501
452849107
403731415
372513304
708609887
189568263
69625811
353051341
564986549
959381233
591356538
215015669
643317892
500772818
806507563
673612611
285594577
186237507
511047631
968590600
273337437
887357908
900361513
947585932
563096316
231399981
88026446
389345019
531899960
967976127
128889326
128227266
588178117
737532496
69059038
653372919
579666230
886527652
205056990
70739741
128453384
28803289
138237327
670402633
699966965
512616009
457908193
882854859
217743390
355506178
733597965
81366089
957513697
443014555
600888781
240016955
349953729
501796352
513089458
119617256
382880950
173513699
430659825
167105301
207520845
453206128
13126017
603970096
190768818
543308027
36364895
800457710
553378554
407583167
475555981
520120231
377326323
387010405
72987536
633808036
241436589
563647853
379253809
524284142
658048736
753188702
593430199
668029122
581508689
385415371
968547546
171603012
187747915
31339100
894297391
803829705
548841709
808801377
623101741
538660571
274894970
394787033
631712269
903004222
561832888
426840544
295776378
397170013
354493448
803503257
994647834
391834675
171874503
505406969
67975397
904921895
243624665
123548050
146196157
914753781
167051879
591849438
388347929
474160358
798015888
656504057
887475942
885320601
222451648
889379614
427598499
85692875
545365037
571646786
434798284
471678528
150263333
775493775
718312569
555788945
221150379
170460768
91554460
151071768
690104117
224117203
238574739
473374913
728946641
149799304
280178358
988979821
668206142
820556606
13563066
816811592
56704322
226502594
119312431
973441404
880633737
936328701
211526870
753137431
389924296
545968128
42128763
750388342
525332011
666590720
622193763
499540924
861307987
928705148
580416278
380828095
586204323
224311087
303093589
946172359
282503727
17194354
914682016
346523420
763309319
170962568
835971026
649324632
147036739
471292016
803998074
962585897
867339148
296746387
499211154
731551490
688609837
678705049
741114061
866404972
982239441
117307658
139764194
689674429
935633981
770016084
230044372
962143719
565807511
681386770
67490264
419144665
825450333
467985408
308188884
428725769
177715505
349013603
74984976
597932239
477673209
991058668
996870506
182038879
866698560
594106336
113517516
895146534
946301261
867316072
871993050
594168489
548198224
799791219
440998709
606975722
912063122
287978883
114925535
873985266
818331481
804148379
825429604
310201450
930307005
306642905
31981627
555775629
854556644
219800726
786303537
90409191
133746345
617552949
905367824
677357316
55902418
446780397
812920253
916477759
739024737
598202043
641043140
310861309
66029898
119642481
333568591
738789780
56398145
810472843
859751057
859185923
696098006
342593364
523524221
968382699
882448835
606519135
550584409
338440946
891017165
615603978
664185528
822565502
653888493
161249798
413842415
315245655
739624381
805975877
407259929
240063780
164313388
134683309
637578359
53150781
457176206
983841794
310407407
438780687
694118684
224135763
653777086
953944422
758376369
688140359
143359398
528613231
876967128
598699421
611159715
702623979
83384737
447589834
425053875
662289152
524903220
988761256
386432136
342933991
255277520
76557539
233695791
334753328
176671166
553191941
526235747
477458752
20246265
346054131
965447560
627245280
825043510
10569408
113190195
988165647
568379936
281123551
84473456
7645219
97845502
213812209
424242634
673428488
425207296
671485733
57284599
861465775
726509412
246620105
274181298
325931919
91283000
627920072
405345965
17951655
997841210
827058907
85326537
412207313
444342091
157879297
568263504
993887557
722417316
647415388
174047969
275956126
130543973
176778455
822736704
760740023
343257518
342099174
828345531
591667085
468413742
234953017
834844939
933967042
135082038
20409832
761704690
552299524
228881613
489773312
227088961
937023548
235467727
89331582
360730740
625746301
803518622
519551480
515290384
413463275
24590427
948886764
69423572
824304704
577709270
511869419
837025028
887889033
712990083
820153019
733958674
883450176
662890823
210232454
371563049
153122185
786397710
389368788
798536667
162228567
912048557
950061636
991266569
989051464
163777786
932108305
360793148
467250792
246168946
74116600
651025338
151987830
359682046
397179567
775164639
640952499
339271793
942404235
559721831
728920581
633153552
569545672
503956238
378527759
548737466
752414604
931145038
798683165
715590650
407955723
407035402
570744597
187164104
85671121
950234917
510391516
677851040
641027558
349561497
596351378
275100398
743389213
682198418
908070777
513061836
422339719
525146680
502172881
718182267
396340520
191671473
130207211
215992464
616954158
973843676
786000328
567140580
959296121
643820672
780321851
905307222
456968962
888564887
443685673
546815246
447639375
744038494
290939360
374465676
566219
602008094
544389388
826032842
325926977
110198096
601242234
647376831
365449503
821433629
398833893
702736899
35672259
303055444
315082102
888994267
643337649
345506585
453088081
901204515
742526175
514565569
160498020
167996860
269961683
180986342
723910109
293471055
453191895
953899109
841218652
726541406
6701608
9911728
941504121
627126068
898993169
627453110
27670443
580205832
804085715
676424400
770684634
854939938
104519800
820131620
439121370
388679166
979644339
534613328
497354470
734391512
509149765
458316265
956153660
513159180
761360884
275436754
594597658
80236994
92058661
404843316
812412386
380195788
20462689
46482262
890931305
222465516
235404734
39827024
205773553
319916031
200189562
765427569
744958146
40246754
979879335
458948344
466627035
762499457
102304798
118282949
389689489
147021462
299454259
676496663
965611591
822598190
562556921
161735566
110126334
753423032
269344875
394207856
749150810
630632380
893290337
197285483
537942230
91549273
267864385
308952086
790723554
906306368
611695657
776955287
312879527
839396468
323192781
138431889
979837901
977632419
249672464
273074841
505195080
332266977
976511031
692208561
591061927
912598204
298076719
513116792
292667463
807236356
195603758
934946153
261355828
915759258
47238048
710986463
447218850
321583157
792934734
531737095
229173462
574545994
20641240
778525384
830481766
583768062
389092808
626139360
845062105
372537555
534594599
515637128
208862058
9443311
115368157
572131697
549612901
201772324
864517209
47878188
828652546
280990629
145858081
103431527
808647693
692953666
190903829
522184956
859071238
723981462
739941300
400189416
27956075
856792626
170131946
938878932
634301779
838284612
865640594
191283997
813336586
865785154
426094417
796665643
786648612
483411465
283012303
215129505
316849022
986941726
909526198
401217675
546334682
858774104
280200246
91804233
204567344
661999499
49372233
267192508
957180118
936740336
207766161
998172427
332913981
836203121
804678201
570155808
954534124
140679020
899043813
953992774
750752265
448176217
268182412
844409351
170130052
908545586
806456298
305574241
857032618
335169415
163261963
456822132
523133921
266922529
498961252
947816341
503456213
623251470
874790455
314310237
121506176
32750167
931149695
90935746
954322798
289408000
822415684
590535871
552808013
292443163
723724312
139558435
762947987
716505347
482771402
891615361
474694278
480042794
57944026
759746091
454806202
268879017
860414820
28358177
670634196
596312870
702319829
838072176
998082149
435606168
456953203
281506729
328357191
267693454
188932472
705294897
386458447
660817657
195706218
982373257
27975727
947253340
551642878
694001649
806670262
564367708
343330749
158980923
915786413
446678287
443975926
240058235
163054565
406362728
611983092
232859472
630780953
158966582
291202738
355520965
419349325
711600287
793663283
991436712
169865265
521821641
883480769
60547422
386080645
68368042