321784
367418
566219
588865
667679
866848
879703
985161
1050006
1056182
1078974
1103256
1210793
1386738
1387851
1505588
1512314
2000403
2180666
2499289
2673139
2734084
2963080
3125152
3201991
3220679
3771281
3857211
3953997
4174408
4251890
4410313
4428321
4466237
4599843
4713469
4877813
4964465
5106447
5167836
6080405
6128112
6323502
6561274
6677485
6695661
6701608
6717924
6755599
6906544
7206845
7207283
7226007
7437814
7551280
7645219
7908329
8016119
8587862
8825318
9146183
9291233
9312522
9339780
9443311
9788599
9838061
9885794
9911728
9920565
10569408
10634770
10700514
10837568
10890416
11123349
11332792
11335101
11465305
11497193
11672511
11783905
12039526
12355659
12711849
12943970
13126017
13154777
13459353
13563066
13873888
14022261
14042469
14141516
14303564
14382757
14392015
14435746
14854407
15325265
15360685
15476846
15600609
15695218
15914893
15937195
16191262
16243385
16281749
16431238
17106855
17194354
17281647
17287076
17341107
17425612
17603950
17644420
17833419
17866827
17951655
18280035
18413297
18534175
18723910
18988109
19273824
19408471
19529509
20025677
20025737
20160325
20246265
20409832
20427831
20462689
20641240
20714503
20838895
20969440
20999073
21221636
21282158
21541640
21668547
21773701
21792645
22561092
22852439
22882734
23310053
23435189
23614327
23833942
23981499
24057955
24123209
24132414
24338318
24590427
24699464
24919202
25195531
25529258
25667400
25744886
25836494
25931822
26291276
26335679
26561808
26649204
26649654
26682755
26829641
27000793
27115423
27256954
27304078
27339045
27487506
27618076
27670443
27716783
27956075
27975727
27981970
28010649
28347435
28358177
28423053
28485533
28485554
28515366
28532061
28664280
28803289
29174597
29264636
29344216
29805229
29877747
29912317
29968301
30098561
30397077
30491384
30507498
30878751
31168324
31187572
31201944
31249065
31316524
31339100
31411414
31530659
31580519
31878597
31981627
32330601
32334380
32697037
32735102
32750167
32947674
33105569
33370101
33513813
33609300
33914884
34196360
34241845
34501880
34608859
34636479
34860823
35072826
35211581
35220506
35299669
35505903
35565845
35575879
35672259
35689245
36317303
36351449
36364895
36389280
36427754
36490179
36493806
36535737
36573150
36606437
36638103
36761063
37205465
37285017
37290028
37419736
37540064
37613018
37852691
37855337
37956527
37985696
37987773
38004466
38253449
38262385
38350649
38575362
38595463
39167194
39224270
39259715
39408505
39619440
39827024
40008957
40087183
40096242
40226961
40246754
40386272
40612544
40665795
40767974
40803332
40876032
40910186
41483108
41501582
41721962
41779445
41846863
41906379
41990169
42039277
42128763
42148781
42190822
42248358
42333161
42439928
42637533
43455834
43701767
43956074
44232655
44235195
44236298
44858041
44861026
44916395
44960486
45061206
45064687
45225268
45287314
45350444
45471603
45491274
46029050
46197744
46482262
46490677
46531181
46561834
46576968
46702227
47238048
47287531
47446570
47550729
47696015
47828352
47878188
47911541
48239224
48289854
48362965
48420240
48486543
48644098
48661469
48785620
48868330
49044762
49079271
49261299
49372233
49828002
49902182
49969599
50048431
50258324
50414040
50499017
50532942
50560317
50780126
51043498
51545302
51991247
52276569
52351739
52370345
52393647
52587544
52634590
52651972
52747883
52983983
53020270
53071593
53088709
53150781
53316327
53576864
53782782
53951837
53957910
53960106
54180295
54607859
54692950
54822651
54983973
55119938
55141054
55173124
55224592
55284314
55286498
55426955
55593785
55666017
55862297
55902418
55919542
55940017
55954551
56098319
56185038
56193560
56287465
56306490
56308245
56398145
56427469
56458334
56476871
56541367
56574750
56607193
56704322
56848494
56930716
57083237
57284599
57411971
57663952
57675457
57757614
57775691
57804273
57944026
58003514
58130980
58138822
58231264
58898482
59050838
59248203
59328147
59384757
59449208
59554034
59567647
59780185
59808143
59818476
59864939
60065490
60098421
60105154
60286108
60340939
60518392
60547422
60558169
60650079
60996766
61722871
61884443
61889648
62036449
62091435
62239490
62674314
62902433
63164329
63169790
63211330
63256848
63272629
63357068
63445549
63790656
63835341
63878555
63913361
64166803
64304838
64438871
64492913
64545131
64741569
64772202
64825914
65013386
65172810
65221673
65379253
65567491
65845901
65963106
66029898
66273347
66318574
66421257
66539849
66627832
66834903
66876421
67176525
67362118
67456450
67490264
67610836
67722810
67901077
67927096
67936857
67975397
68070937
68256990
68368042
68761528
68762084
68874590
69059038
69174959
69315777
69423572
69550893
69575872
69596807
69625811
69832243
69933621
69971211
70237563
70289242
70459844
70571138
70611349
70633529
70696299
70710833
70739741
70753126
70757333
70953222
71354771
71590863
71725751
71768932
71769236
71857437
71881788
72094419
72150071
72250387
72257443
72495731
72575198
72601446
72688530
72771205
72950433
72973803
72987536
73097658
73126519
73238232
73449977
73492962
73515304
73521721
73632399
73664605
73719487
74116600
74144993
74221227
74358589
74383654
74889408
74984976
75266591
75368369
75439383
75538228
75692386
75759241
75820026
76068003
76077090
76254277
76282520
76291173
76411416
76488701
76557539
76798859
76827957
76841982
76857241
77022381
77046039
77691354
78018881
78177959
78381500
78421679
78749222
78786867
78870852
78913301
78944966
79035518
79147752
79478875
79667361
79861332
79962581
80083251
80219584
80236994
80289832
80489142
80683034
80828770
81306910
81366089
81453862
82053451
82086529
82129714
82180713
82198322
82348337
82349460
82551281
82585122
82614960
82795300
82803711
83001017
83216743
83384737
83582874
83603438
83742104
83777906
84174870
84341669
84417907
84452600
84473456
84666923
84678506
84822650
84964603
85000794
85160872
85326537
85349806
85534965
85671121
85692875
85697536
85861610
86171848
86570922
86587268
86651555
86663282
86738358
86773656
86777502
86967378
87021842
87123630
87124508
87352306
87413570
87470555
87509345
87540839
87586359
87930300
88013024
88017084
88026446
88389993
88654981
88913005
89060892
89115419
89222436
89331582
89338750
89600257
89835621
90016089
90131771
90136365
90191430
90380957
90409191
90465096
90790562
90935746
91043547
91045288
91070318
91077328
91176305
91283000
91432511
91461456
91549273
91554460
91650107
91714513
91804233
91893404
91905116
91927384
91999160
92058661
92143270
92327402
92427623
92434836
92656901
92699457
92755951
93026540
93031544
93280358
93418883
93640163
93660754
93749363
93759310
94015233
94023938
94140144
94290475
94952836
94955923
95102050
95219029
95249344
95295135
95384760
95421231
95953963
96203010
96450211
96950446
97049051
97122645
97180856
97329138
97783660
97845502
97860756
97910284
98005805
98326652
98469634
98638918
98755910
98789660
98925698
99099342
99142334
99286886
99441073
99591870
99694308
99901289
100019000
100725354
100744623
100794118
101269646
101366035
101421397
101490726
101793498
101851833
102278827
102304798
102367919
102758659
102905962
102977014
103038280
103431527
103532317
103605306
103712025
104057776
104074030
104102182
104519800
104596609
104832031
104889987
104895217
104968665
105060982
105140518
105170666
105262587
105838800
105959581
105968438
106073193
106135773
106379694
106431355
106506523
106545088
106835778
106923153
106950783
107431397
107448487
107522925
107554592
107703188
107710258
107780729
107854263
107911184
107975795
108035804
108124062
108134947
108329656
108494775
108640910
108667494
108804517
108904863
108952833
109063025
109124451
109192288
109246025
109458004
109914665
110126334
110153783
110198096
110343447
110379712
110509134
110559486
110600902
111062258
111153585
111408720
111446315
111492163
111554695
111603962
111879811
111980183
112007409
112135082
112511067
112864601
112867494
112928168
113075827
113079342
113190195
113517516
113791076
113797073
114090677
114131563
114247519
114307302
114354190
114389397
114448586
114775903
114910450
114925535
114963174
114974985
115049532
115368157
115474782
115603442
115717017
115788140
116113077
116665452
116750443
116883990
117228369
117237544
117248129
117307658
117742522
117845938
117938789
118221998
118282949
118583910
118689234
118802188
118802352
118815501
118840192
118973127
119135199
119209655
119270695
119312431
119370606
119521488
119525404
119617256
119634753
119642481
119880218
120207697
120240109
120250794
120423461
120524594
120604685
120662368
121039568
121506176
121507803
121651867
121669946
121736928
121820447
121835540
121856801
122365472
122647518
122685649
122956510
123000388
123122402
123494989
123509061
123548050
123676303
123833401
123854777
123996320
123999511
124202192
124216663
124448428
124725854
124836119
124870201
125294951
125637398
125815508
125884296
125975364
126133830
126162579
126249748
126336983
126460293
126532532
126547535
126798862
126905675
127063452
127068727
127131402
127165388
127220061
127281439
127335929
127493655
127597653
127616630
127634168
128024537
128116723
128201388
128227266
128376610
128453384
128849125
128878910
128889326
128891051
128911727
129089616
129175290
129179070
129233959
129288186
129323432
129522926
129812707
129841237
129971435
129989235
130145198
130207211
130413355
130444982
130525863
130543973
130887229
130947525
130997456
131101946
131232900
131495926
131677516
132717688
132781277
132834082
132951424
133015635
133020582
133108735
133182275
133278331
133326832
133746345
133842379
133976957
134098059
134535336
134544095
134635380
134683309
134823131
134823444
135021838
135082038
135254780
135403339
135457846
135547587
135556184
135674828
135704867
135907974
136041897
136299256
136410537
136505889
136681178
136755488
136772018
136934320
137039965
137198237
137227803
137307960
137746266
138089132
138138753
138149712
138237327
138296587
138387615
138431889
138443057
138580450
138812618
138894104
139001567
139059948
139061481
139128475
139321357
139443241
139524330
139558435
139585866
139710701
139764194
139780539
139872063
139934024
140019045
140430111
140488471
140516828
140557596
140679020
140750733
140918752
141166362
141198074
141244098
141445116
141518298
142031431
142213037
142226161
142271999
142706644
142765376
142935869
143089189
143157161
143196651
143254619
143359398
143390923
143463705
143478943
144137273
144142976
144497911
144577302
144663836
144682415
144813685
145173653
145333564
145344105
145532879
145714584
145747928
145758015
145797606
145858081
145880820
145945258
145968329
146196157
146197125
146321235
146384430
146615286
146661024
146690784
146755846
146839252
146868597
147021462
147036739
147067219
147201662
147490460
147537014
147650494
147667495
147710654
147730193
147912891
148129934
148375264
148400472
148524411
148558559
148669731
148819666
148879970
148993303
149211945
149285850
149429062
149707641
149799304
149833133
149860203
149888878
149942420
149991428
149992471
150053720
150263333
150438034
150542850
150698379
150908281
151071768
151130920
151266400
151573676
151927065
151938672
151987830
152350872
152367495
152501656
152548741
152623725
152633161
152718180
152737006
152873251
152929130
153122185
153141583
153264918
153362113
153549159
153660027
153737586
154047020
154098958
154248108
154509969
154532923
155202735
155256310
155387472
155550355
155746935
155909685
156045179
156136747
156173474
156323856
156340128
156428799
156446701
156778988
156820020
156829269
156852677
156861187
157150085
157158590
157232747
157247597
157352736
157428769
157523847
157700084
157718987
157814812
157869445
157879297
157891705
157935378
158055084
158071720
158147453
158522805
158605610
158638603
158768498
158822151
158908420
158966582
158980923
159176414
159255187
159418613
159429162
159934923
160089121
160165338
160177971
160199818
160369593
160385520
160434064
160498020
160500758
160720319
161064767
161088719
161150530
161218073
161249798
161366550
161393951
161472139
161581848
161735566
161928838
162228567
162593746
162691995
162698196
162766489
163054026
163054565
163121898
163189746
163261963
163292233
163399399
163539368
163572225
163625075
163695833
163777786
163974173
164313388
164325636
164364811
164407978
164817046
164981427
165146645
165225485
165249600
165391720
165448379
165480655
165497782
165531920
165575536
165588847
165632175
165682076
166118587
166207917
166222118
166305902
166799160
166953493
167051879
167059491
167105301
167514402
167996860
168052914
168129357
168138090
168433635
168713053
168921650
169205811
169337156
169348202
169431675
169436885
169713483
169717208
169803274
169860871
169865265
169865267
169865706
169919887
170056827
170085005
170105532
170117324
170130052
170130806
170131946
170231064
170321907
170351963
170364468
170380762
170460768
170562506
170740271
170858038
170937018
170962568
171089088
171130417
171141601
171190849
171298387
171307444
171349518
171473620
171486641
171581514
171603012
171752042
171801889
171874503
172057432
172200783
172204403
172230312
172342718
172515177
172539783
172572681
172592436
172634489
172649211
173227446
173250973
173513699
173578065
173675196
174047969
174129460
174208241
174273736
174300278
174790558
175080422
175591570
175707954
175936608
176044310
176069350
176271501
176632955
176667936
176671166
176714388
176778455
177489835
177715505
177758110
177812739
177835536
178161666
178175607
178320272
178400658
178471097
178561739
178779007
178879618
178968789
179220573
179242651
179289239
179423261
179467095
179594219
179620573
179657335
179709288
179739079
179767290
179858202
179952089
180031575
180121770
180150072
180418760
180426961
180506933
180587705
180671999
180986342
181009257
181068394
181142658
181167956
181173270
181270139
181279210
181573091
181580112
181626603
181859880
182023581
182038879
182075995
182205760
182257204
182306930
182367268
182465930
182507372
182734311
183101226
183217558
183349890
183636320
183652068
183749368
183863709
184096067
184540392
184571667
184640742
184642188
184895419
184906399
184975827
185061488
185096023
185139366
185390771
185711313
186237507
186240474
186457669
186480278
186576299
186957180
187025938
187079919
187086284
187164104
187315235
187474592
187731998
187747915
187892996
188004531
188471085
188498445
188932472
188932636
188963122
189042806
189117987
189157042
189167153
189277831
189393977
189538283
189568263
189630892
189876218
189893443
190295054
190626342
190670915
190768818
190852168
190867706
190903829
191013472
191283997
191405200
191671473
192031340
192063393
192195172
192457848
192537331
192572492
192573843
193000957
193188863
193499222
193680506
193823408
193891811
194035795
194143610
194281946
194411447
194447934
194574585
194807858
195173930
195204579
195459476
195507059
195603758
195706218
195867449
196034561
196080028
196144941
196172866
196497453
196699560
196716837
197132425
197285483
197290844
197305573
197571134
197574257
198346463
198484673
198710771
199060813
199083155
199422672
199438070
199566710
199770386
199997032
200035337
200189562
200364420
200461960
200544644
200551685
200797834
200902476
201064190
201118180
201123217
201475341
201678910
201772324
202118758
202197486
202568641
202630716
202821864
202870380
202879920
202893148
202932743
202952634
202962168
203003391
203450986
203659623
203769614
203854792
203916486
204429510
204567344
204741434
204782860
204871525
205056990
205111744
205121256
205312789
205349464
205386575
205430446
205773553
205848114
205874090
205876564
206030984
206038211
206186632
206297011
206408689
206647926
206860443
206962445
207048467
207070830
207132934
207181808
207306688
207312087
207349784
207520845
207580936
207766161
207864016
208072600
208094665
208176194
208404441
208420452
208549844
208558993
208596854
208635422
208669322
208862058
209011638
209014254
209066109
209264962
209327856
209336820
209383414
209450575
209687806
209699965
209789799
209990784
210169537
210232454
210424145
210849624
210898386
211091754
211130576
211221772
211354358
211449902
211526870
211697455
211830474
211892399
211959036
212056982
212086581
212217903
212383353
212922274
213341872
213362099
213616473
213622876
213668589
213708950
213746222
213778795
213812209
213833601
213880127
213911141
214100503
214113441
214127723
214163117
214374851
214569830
214661881
214678267
214743946
214748138
214823432
215015669
215129505
215505451
215540231
215707395
215748226
215772047
215926712
215992464
216090645
216441075
216653014
216874839
216950619
217032121
217132630
217461832
217743390
217829590
218467762
218496390
218545365
218577240
218651388
218698844
218715152
218720161
218738607
218846998
218961366
219106510
219112908
219177773
219414173
219630713
219631766
219657780
219773485
219800726
220120332
220321142
220337105
220404632
220721085
220773218
220849531
220936772
221005440
221041076
221144609
221150379
221272484
221554370
221636937
221672603
221734893
221857122
221866759
221901744
221931050
221960395
222034591
222451648
222465516
222558436
222793484
222857727
223120400
223142278
223186238
223232070
223252400
223338512
223385372
224117203
224135763
224301195
224306469
224311087
225011078
225321987
225438098
225460258
225538842
225539936
225671778
225678257
225722749
225802046
225810843
225960231
226089218
226255656
226277290
226489548
226502594
226516709
226822553
226976278
227013919
227088961
227097806
227275694
227304288
227360351
227484449
227497655
227563863
227580613
227583259
227708341
227840929
227894530
228205321
228335370
228346336
228362995
228652047
228699292
228809171
228881613
228926898
229173462
229343874
229363878
229943978
230044372
230083054
230420469
230513198
230539237
230593740
230697707
230915607
230995944
231233788
231284339
231345132
231373451
231399981
231573726
231580509
231582557
231935399
232123294
232128282
232275026
232370385
232534060
232668450
232769993
232799529
232824701
232841311
232851192
232851774
232859472
233057106
233135221
233292816
233465078
233528979
233537088
233574889
233695791
233819812
233871402
233994291
234010419
234131064
234330975
234337710
234402456
234440895
234640113
234664221
234703188
234773667
234953017
235117622
235371630
235381997
235404734
235467727
235506283
235724046
235731217
235749922
235797051
236008917
236062576
236320881
236356234
236405874
236431622
236465016
236702465
236741785
236880723
236890645
237007894
237151661
237170484
237355246
237435801
237625607
237649965
237775300
238165822
238385769
238548531
238554545
238573171
238574739
239037592
239761828
239781778
239794577
240016955
240057773
240058235
240063780
240094114
240658191
240876705
240997681
241231113
241436589
241582317
241684482
241788257
241858805
241906047
241957369
242136320
242306976
242474066
242694671
242776776
242869966
242963431
242998618
243101977
243284800
243318896
243343306
243428727
243574517
243624665
243667405
243748310
243749110
243844458
243890506
244048991
244204721
244470280
244507913
244791976
244812010
244852004
244922142
245158419
245406569
245498360
245641570
245835394
245919873
246061752
246121208
246167880
246168946
246615836
246620105
246693163
246772978
246860769
247010728
247012155
247015709
247158918
247159951
247402156
247622985
247677261
247793345
248095911
248104750
248117928
248120892
248244752
248390087
248461935
248465762
248472122
248474167
248926430
249070647
249296015
249351381
249471542
249672464
249732035
249906774
249998161
250914547
250950123
250981541
250994394
251034876
251088072
251388231
251427141
251717106
251762594
251880551
251971729
252147414
252194949
252204221
252253931
252453082
252484236
252795693
252838369
252839309
252862583
253008433
253038453
253095389
253135284
253204985
253426466
253437810
253517615
253541852
253542784
253586181
253689355
254094811
254327114
254351500
254524433
254599238
254762635
254822100
255045535
255220232
255277520
255586487
255785841
255796622
256021940
256322038
256554402
256776426
256856497
256925278
256925383
256932569
257096517
257150159
257299545
257654271
257800934
257824485
258037687
258083271
258107420
258441314
258519932
258675659
259063464
259072646
259171685
259495417
259590189
259706199
259916630
259993168
260060960
260160805
260297196
260452393
260870885
261282506
261355828
261443392
261652483
261901243
261910425
262110915
262170733
262228745
262291724
262504657
262746086
262841043
263339008
263389917
263503178
263898310
264047820
264197080
264333554
264543755
264688370
264749715
264923863
265023210
265211490
265248793
265445682
265575453
265578886
265849798
265904915
266130076
266282249
266401268
266673816
266922529
267027406
267041754
267143672
267192508
267332186
267340803
267580740
267693454
267711111
267864385
268023482
268182412
268218163
268879017
269015957
269074517
269160578
269344875
269512887
269571131
269609862
269623337
269720229
269794862
269796582
269961683
269988533
270152546
270170330
270323649
270390959
270481514
270490617
270495674
270580976
270631479
270764571
270863495
270868301
271021268
271068392
271446926
271783859
272001069
272043310
272058310
272081218
272155151
272198584
272248758
272321706
272347763
272538911
272647671
272872207
273074841
273112324
273192224
273337437
273340150
273361024
273415926
273421150
273473393
273719040
273777519
274045594
274156069
274181298
274209950
274716277
274859229
274894970
274943792
274972113
275006760
275100398
275158854
275222585
275412501
275436754
275523653
275561772
275704742
275956126
276161040
276289363
277521893
277703237
277742800
277821315
277920033
278011583
278052444
278259854
279264656
279428751
279515749
279987340
280003677
280144859
280171236
280178358
280186228
280200246
280400518
280579170
280936887
280947133
280990629
281034120
281071990
281123551
281266603
281317427
281493949
281506729
281508563
281765757
281788190
281928438
281969875
282243718
282288223
282391376
282414987
282503727
282882213
282923009
282923269
283012303
283170781
283190916
283223178
283253537
283363698
283379757
283534800
283942452
284169191
284224756
284440692
284559484
284657522
284784835
284791938
285046085
285222408
285453900
285471940
285594577
285751063
285844265
285965682
285966564
286048201
286114335
286328506
286512205
286520462
286794734
286868044
286913793
286916672
287269528
287640513
287660383
287869325
287879599
287978883
288013791
288162617
288172255
288194181
288226965
288552643
288659970
288874623
288876828
288880664
288974591
289282009
289289241
289315143
289408000
289421920
289505351
289505727
289537478
289572560
289646522
289661907
289669141
289929742
290006723
290305021
290336327
290422307
290482239
290633074
290646149
290647114
290690240
290905480
290939360
290945412
290962286
291202738
291239108
291317548
291328146
291551487
292022671
292051291
292443163
292531464
292666089
292667463
292788979
292816387
292835155
293058750
293109556
293114326
293453147
293471055
293477360
293523268
293714188
293716847
293763327
294114713
294132250
294279846
294328077
294383983
294931123
295199335
295237722
295300525
295397254
295776378
296089688
296098690
296103481
296139456
296587972
296657427
296746387
297203544
297560764
297569947
297810075
297868656
298076719
298094857
298103862
298424942
298436130
298804463
298849425
298857118
298986664
299009268
299104605
299151959
299281929
299454259
299457786
299523399
299642360
299855620
299898631
300081817
300268523
300283299
300415951
300543633
300657133
300713821
300873871
301041969
301083174
301342898
301497645
301552317
301602930
301779738
301877186
301886276
302157968
302224348
302325123
302364101
302489016
302535285
302961056
302982282
303055444
303093589
303197995
303462829
303814509
304623482
304649104
304752768
304766932
305289913
305322020
305327885
305346828
305393896
305458973
305465460
305574241
305591632
305872442
306002997
306049053
306064200
306138571
306299429
306371415
306371835
306631531
306642905
306666202
306974679
307148896
307257126
307312365
307367138
307641850
307714618
308188884
308208035
308446488
308452687
308730980
308847256
308884478
308952086
308965771
308979197
309048858
309261324
309294082
309665773
309718515
309755989
309893329
310201450
310222417
310407407
310790463
310819824
310861309
310904874
311059887
311200886
311227613
311268942
311309809
311344426
311555998
311661056
311745452
311759101
312190338
312204145
312228985
312310506
312480132
312858724
312879527
313019822
313052812
313337569
313374688
313509393
313647720
313704387
313884869
314310237
314368764
314385933
314509154
314658568
314802091
315026896
315082102
315245655
315259923
315478760
315495463
315507573
315634897
315838629
315842152
315918363
316428623
316668115
316689136
316749748
316849022
317045871
317336959
317638879
317677687
317685413
317844965
317955132
317976627
318051306
318080116
318120884
318363336
318585910
318696410
318743262
318747453
318760435
318800281
318839188
318847804
319379732
319515394
319544547
319553529
319794550
319916031
319966389
320094109
320103625
320630228
320935614
321236947
321381487
321411877
321583157
321620229
321642095
321696729
321702783
321748445
322001667
322212368
322374380
322646714
322734224
322747224
322779662
322957386
323140326
323186342
323192781
323251990
323382552
323436097
323614195
323658072
324192181
324245580
324379197
324653873
324820371
325206512
325244860
325353393
325409299
325459491
325479018
325503587
325574252
325713670
325780001
325834488
325924680
325926977
325931919
326058540
326359212
326677797
326716898
326812740
326834090
327032630
327293275
327340518
327710918
327796985
328030217
328102597
328155060
328197279
328347495
328357191
328439982
328441403
328463307
328676208
328731643
328833687
328932294
329200770
329425207
329596746
330037460
330115302
330519853
330720465
330766298
330793817
331373718
331385311
331417011
331647986
331817526
332022775
332063310
332266977
332534873
332562265
332628630
332885689
332913981
333053571
333120185
333513447
333568591
333592491
333613615
333834724
333921135
334033865
334157469
334455250
334557834
334753328
334802443
334862344
335169415
335272455
335277744
335344263
335381459
335492994
335520717
335723023
335768250
336302421
336382744
336438568
336938084
337231508
337292319
337308520
337414578
337503258
337564303
337604330
337700786
337778195
337870508
337970847
337987787
338022194
338173004
338359742
338440946
338979342
339164749
339175659
339203009
339271548
339271793
339304660
339332837
339443278
339462365
339937571
340423855
340470885
340534184
340765325
340864172
341110027
341317174
341348048
341370296
341447688
341591652
341782817
341826433
341930278
341932089
341981342
342099174
342247014
342402068
342435019
342445305
342547772
342593364
342662742
342776895
342933991
343042063
343257518
343293807
343311804
343330749
343456649
343457952
343554842
343606066
343803217
343820865
343925681
344206350
344324440
344327941
344359458
344363696
344654298
344703039
344707545
344838588
345016474
345049865
345059594
345070293
345118359
345269333
345500540
345506585
345723840
346054131
346224811
346523420
346958862
347001685
347024690
347026437
347079007
347514685
347521967
347730283
347760281
347776435
347874810
348305192
348383976
348402223
348430108
348472731
348648606
348797256
349013603
349210367
349408544
349492793
349522445
349561497
349641176
349803780
349896543
349953729
349969998
350062825
350122503
350126374
350131387
350172323
350219870
350634420
350635829
350710667
350773555
351047603
351146494
351170552
351367806
351400778
351436562
351582779
351713923
351768723
352071184
352072526
352140178
352143574
352204764
352347121
352359278
352587872
352956867
353051341
353138510
353274854
353290444
353354534
354092528
354279993
354339692
354356007
354484455
354493448
355022167
355068055
355194582
355263035
355428267
355429284
355506178
355520965
355877739
355983743
356018633
356023326
356350795
356522014
356596278
356598042
356735467
357052268
357177133
357426771
357471764
357647767
357754594
358055335
358068749
358391858
358405532
358534279
359115991
359334364
359370769
359398598
359414273
359547227
359682046
360075816
360205041
360227847
360312950
360349843
360382531
360584495
360730740
360793148
360813901
360833643
360925811
360927399
360947322
361029448
361035932
361178201
361249580
361335270
361627602
361664752
361700084
362139927
362230055
362390944
362499397
362577285
362665402
362808885
362831087
363023869
363303285
363464854
363853009
363892253
364329193
364388296
364451456
364490252
364711429
364711887
364787409
365005844
365031407
365205559
365230747
365312649
365409784
365449503
365530870
365760107
365812998
366191446
366558716
366726376
366818011
366898225
366971829
367039875
367117017
367310782
367311632
367530342
367578077
367875424
367990656
368208909
368427962
368459079
368479297
368847771
369245296
369392101
369476593
369542375
370510298
370571551
370634780
370657015
370777101
370919926
371004669
371008108
371161367
371300180
371563049
371610097
371644374
371897236
371909872
372035670
372223249
372270364
372368824
372513304
372537555
372689138
372690350
372737167
372789142
372964447
373063262
373263290
373469332
373631582
373704389
373728050
373776741
374000635
374465676
374597802
374810465
374968772
375374657
375612688
375746755
376949905
377200681
377326323
377554844
377622593
377656131
377999973
378527759
378591318
378731555
378749748
378767977
378859273
378958440
379150797
379173796
379253809
379277610
379316893
379557946
379954694
380163794
380195788
380430268
380524889
380657940
380682748
380719276
380809984
380828095
380855020
380875337
380936534
381023569
381341423
381422338
381436933
381474584
381677170
381805362
381886588
381905414
381976319
382402332
382452471
382527026
382853813
382880950
383029884
383411396
383488248
383492553
383614027
383654522
383841148
383856952
383884212
384251656
384398605
384769490
384783614
384827743
384860331
384864962
385006873
385230844
385280206
385398915
385415371
385501515
385846136
385894253
386080645
386432136
386458447
386745511
386772634
386815193
386849454
386853799
386919639
386999752
387010405
387082189
387276360
387392783
387512010
387683247
387719438
387806161
387965938
388010281
388094506
388266796
388292398
388347929
388541192
388678972
388679166
388742843
388782488
388783507
388856587
388866385
389092808
389173017
389255711
389345019
389366980
389368788
389593509
389629353
389689489
389739545
389924296
390064191
390182569
390363077
390373234
390413110
390539588
390540771
391007522
391109256
391339614
391393224
391393702
391477006
391495929
391566643
391834675
392188231
392242472
392680236
392771844
392943950
392952487
392960046
393075081
393094850
393191893
393733522
393928863
394167161
394189942
394207856
394229239
394244018
394625821
394692316
394737838
394787033
395215337
395550480
395553949
395567437
395743314
395820783
395833603
396182653
396209571
396216524
396340520
396423139
396601212
396653998
396937343
397030579
397075567
397170013
397179567
397185806
397714431
398259689
398265784
398403834
398532306
398606657
398771150
398833893
399083956
399133511
399238087
399257386
399419435
399619439
399717218
399717687
399768832
399774373
400177763
400189416
400256445
400336843
400616146
400804421
400928476
401004883
401111145
401217675
401518537
401709291
402000821
402037680
402176305
402312426
402361211
402478797
402519335
402945606
402984793
402991035
403136435
403177202
403262500
403314248
403651921
403731415
403826757
403851127
403873262
403927406
404057666
404230952
404437439
404660946
404684472
404704584
404830492
404843316
405152957
405228663
405235714
405343220
405345965
405676037
405678556
405729138
406157878
406309968
406330815
406362728
406498772
406502674
406505316
406699557
406860795
406888718
407035402
407089567
407169369
407248426
407259929
407527746
407545815
407583167
407667629
407778881
407778919
407955723
407966784
408022873
408050211
408052535
408401191
408443134
408735642
408770018
408897908
409060707
409158308
409203628
409301883
409510737
409955653
410167351
410167762
410212191
410327632
411016279
411041665
411081474
411087651
411354610
411408708
411487161
411618843
411727308
411736924
412161198
412199600
412207313
412279918
412825472
412926685
413007112
413375268
413463275
413490316
413587185
413842415
413915694
413926084
414249255
414307158
414412100
414458698
414571782
415014180
415115077
415246381
415255724
415361939
415384306
415386688
415593531
415659191
416010616
416064395
416197106
416309175
416502439
416727359
416773286
416939820
417234212
417497509
417705092
417852447
418255691
418318047
418343734
418595336
418780394
418796414
418848266
418961782
419130590
419134351
419144665
419349325
419482152
419831400
419960302
420049477
420233097
420260815
420548983
420555122
420683199
420686882
421325058
421390106
421421561
421662190
421668712
421718567
421890087
421898847
421997083
422151722
422263822
422339719
422437176
422500050
422661906
422673667
422758485
422965124
422980661
423232452
423256521
423912187
423949592
424108741
424242634
424369760
424431371
424501758
424503576
424507860
424630796
424696064
424785210
424859166
424903961
425019476
425053875
425104163
425207296
425229766
425676434
425778479
425829314
425929181
426039094
426094417
426237398
426384142
426418627
426598225
426713621
426840544
426911500
426992340
426996254
427027092
427065309
427119640
427210734
427347398
427360902
427598499
427682720
427684753
427753808
428017735
428159361
428205163
428207760
428256055
428312258
428416753
428625128
428692144
428725769
428843126
429248807
429525765
429531990
429854604
430009136
430174399
430659825
430840470
430953727
430954604
431273813
431304802
431551295
431585574
431674309
431789527
431813385
431874840
432314109
432336163
432630962
432704755
432719623
432868344
432903716
433220945
433353617
433465171
433651095
434436445
434673507
434690990
434713920
434798284
435543437
435606168
436112946
436137338
436676631
436891096
436932452
437038490
437124164
437331616
437346894
437393691
437490489
437500960
437570207
437594586
437621906
437731184
437833436
437987682
438114253
438780687
438805909
438940492
439110449
439121370
439153218
439260950
439422937
439494311
439572650
439720609
439756814
440098588
440141544
440147313
440323227
440484259
440603300
440998709
441170542
441220715
442069055
442205135
442419142
442479819
442807706
442816389
442821994
442858445
442946791
443014555
443135740
443189072
443478575
443561446
443590594
443650164
443685673
443975926
444342091
444506371
444538157
444584599
444698755
444776399
444804954
444829554
444953374
445228778
445270214
445496921
445743345
445802519
445816878
445850563
445941218
446108225
446215440
446270024
446379689
446499944
446513657
446590318
446678287
446780397
446861996
446917741
446984624
447146902
447218850
447230427
447259701
447298629
447556200
447589834
447639375
447962430
448176217
448215053
448461719
448568608
448666310
448698912
448772592
448807987
449059036
449297791
449419235
449664330
449692635
449776119
449876601
449987077
450332580
450568021
450756881
450839672
450839694
451029884
451196195
451482542
451673519
451713421
451750012
451765290
451774124
451848723
451854783
452083404
452491005
452566410
452648565
452849107
452953212
453026259
453079031
453088081
453103845
453191895
453206128
453276082
453526735
453655541
453819967
454098405
454154121
454532173
454646927
454675133
454765728
454806202
454832884
455162834
455305549
455327530
455345245
455436967
455472880
455724677
455737269
455918745
455933500
455959983
456089785
456119566
456149508
456284958
456340244
456465730
456620551
456782812
456822132
456846413
456953203
456968962
457091277
457176206
457304821
457360065
457378492
457439175
457731225
457891938
457901840
457908193
458161391
458182031
458185786
458188567
458310853
458316265
458591062
458616151
458757778
458767737
458786448
458943820
458948344
458966747
459504146
459794949
460102859
460421433
460550885
460751538
460755266
460764497
460835355
461035702
461154014
461311555
461503921
461656787
461815647
461866027
461923052
461928500
461985155
462044925
462271397
462429854
462575185
462658995
463248049
463340431
463755389
463769830
463769988
464095789
464199024
464213834
464445967
464508870
465029383
465046021
465060462
465118964
465162782
465203588
465428076
465441328
465594144
465712601
465745243
465865015
466122935
466409751
466471466
466482808
466586700
466627035
466641462
466734212
466911782
467033646
467055256
467162174
467250792
467253287
467301374
467773957
467837734
467958525
467985408
468006131
468063349
468133858
468165203
468274986
468391555
468413742
468941643
468993905
469049501
469095212
469131756
469164686
469218045
469223243
469231468
469254939
469479897
469499922
469541435
469910250
470201101
470272442
470418531
470768953
470838923
470923553
470935418
470961338
470991409
471139260
471225607
471292016
471407352
471678528
471793015
471816804
472085492
472311624
472336018
472551929
472654241
472901632
472920037
472975561
472998486
473260187
473367357
473374913
473503673
473506560
473900165
473968272
474073794
474160358
474465060
474659772
474694278
475246538
475395633
475414677
475550444
475555981
475639882
475662281
475789690
475867442
476334856
476372129
476467157
476499760
477088075
477119732
477458752
477551418
477673209
477801714
477850004
477982675
478097290
478212092
478213699
478223499
478382305
479079678
479207709
479247314
479356043
479382656
479428919
479806367
479849159
480042794
480142562
480160332
480163947
480632692
480682387
480799613
480803162
480811265
480993723
481003047
481135917
481206844
482229195
482237472
482294355
482401684
482439764
482629341
482687151
482771402
482888916
483363198
483411465
483414619
483500142
483580496
483621161
483847800
483960872
484015314
484019013
484045737
484188240
484317570
484497970
485104244
485146229
485217523
485322272
485352425
485474170
485480681
485519997
485550868
485922022
486269445
486472985
486643127
486736389
487000133
487001656
487023355
487210093
487335796
487470135
487564445
487579923
487749912
488015791
488032258
488140757
488300326
488391613
488425119
488464423
488719465
488792489
488799943
489150896
489613187
489773312
489956525
490015641
490041449
490152747
490164898
490202404
490203010
490224898
490393501
490482109
490644766
491067901
491193244
491344688
491480086
491608786
491956464
492027839
492133252
492148765
492226460
492261837
492301736
492357283
492458428
492529499
492579064
492615551
492848352
492992152
493056048
493086051
493542745
493567237
494008241
494100231
494223593
494249454
494270657
494544170
494716849
494850760
495011727
495107618
495355320
495561551
495670100
495678778
495686915
495713617
495969233
496113178
496311012
496369373
496832668
496887945
496890211
496914894
497110566
497155602
497224261
497354470
497402853
497542360
497711018
498020670
498137965
498187924
498202865
498379332
498436849
498639728
498913298
498961252
499061050
499130874
499211154
499540924
499703100
499912082
499921433
499946459
499981246
500442628
500663805
500683468
500741360
500764554
500772818
500801393
501347648
501603827
501605902
501624697
501628922
501645375
501648847
501657317
501796352
501923428
502172881
502262708
502399544
502486813
502558703
502607579
502740245
502856113
502906194
503016974
503173269
503220855
503268151
503335735
503364992
503454952
503456213
503588203
503796720
503816014
503956238
503975683
504523212
505139067
505195080
505197210
505201189
505222931
505360228
505406969
505423395
505614145
505693630
505751542
505774050
505816122
505931478
505972173
505976489
506064767
506074203
506189627
506397747
506499709
506637501
506772840
506823073
506882784
506904599
507218259
507552045
507616310
507639891
507640309
507687181
507896613
507981833
508131373
508215264
508296793
508354738
508540668
508575716
508580704
508600850
508731525
508976875
508990719
509003218
509149765
509175837
509207247
509248638
509331336
509513167
509666996
509738984
509790307
509819110
510016402
510085549
510216924
510256521
510382069
510391516
510444714
510818364
510917864
510950899
511047631
511077616
511126881
511206068
511243192
511499805
511555391
511639539
511755369
511869419
511919573
511946374
512073107
512146457
512308456
512488933
512616009
512684888
512831319
513061836
513089458
513116792
513121527
513159180
513213317
513324975
513348343
513393764
513568068
513634199
513699346
513732971
513747319
514069011
514134378
514175437
514185689
514565569
514597571
514621753
514717074
514932424
514938018
515009676
515212396
515257153
515290384
515483751
515637128
515922479
516047343
516090330
516238550
516261936
516721299
516876041
516897249
517067218
517194278
517199671
517210907
517225495
517389976
517405326
517461069
517611905
517935880
518293321
518355226
518598330
519098109
519292823
519466954
519493983
519509902
519533594
519551480
520080438
520120231
520203104
520241476
520371601
520455965
520515546
520829568
520838921
520847565
520889027
520938575
521111993
521116908
521184487
521665042
521749527
521821641
521830759
521945535
522099761
522184956
522249757
522350068
522512487
522645871
522740508
522785426
522835726
522912345
523120638
523133921
523226327
523377499
523524221
523664469
523770210
523793021
523880388
523908100
524038310
524076042
524210413
524284142
524496955
524503299
524612038
524672715
524723808
524781088
524903220
525066605
525146680
525185350
525332011
525533581
525645406
525788875
526019217
526153058
526157543
526235747
526265754
526422773
526697844
526791507
526795986
526977224
527127322
527351875
527644001
527741495
527775208
527802506
528006580
528107860
528380757
528402180
528558898
528584218
528613231
528787856
529007054
529032476
529111006
529229259
529365718
529635076
529816056
529877124
529922886
529993037
530235960
530306211
530375235
530491065
530533660
530607735
530842878
530931686
531222648
531279804
531385941
531468008
531503099
531577649
531737095
531825689
531854151
531899960
532160622
532398622
532407431
532414723
532802359
532812541
533323004
533456724
533717894
534219487
534360949
534582839
534594599
534613328
534728618
534747496
534752631
534787458
534835664
534989145
535121277
535194188
535420077
535525940
535575602
535701206
535835547
535922644
535963238
535970747
536202456
536378942
536632770
536701219
536702326
536710540
536782380
536914067
537297138
537401009
537451231
537494055
537693381
537840419
537862789
537866793
537912607
537942230
538660571
538666674
538719550
538762424
538763556
538782464
538973985
538991774
539029190
539045816
539126841
539312782
539319707
539325685
539389668
539590575
539658987
539835170
540324826
540429904
540538935
540575028
540586089
540724393
540814740
540839514
540937345
540980201
541122668
541272739
541598234
541747012
541836040
541848417
542006682
542121114
542176233
542235456
542279773
542319174
542381535
542600104
542806939
542824033
542831999
543002398
543296039
543308027
543320777
543409325
543539482
543655882
543657924
543696679
543763974
544386289
544389388
544712922
544945600
544981514
545013035
545147458
545149649
545259796
545289054
545342959
545365037
545426443
545545433
545641711
545653269
545662311
545698689
545736005
545744365
545835302
545968128
546093985
546193740
546293350
546334682
546469672
546724762
546725822
546815246
546961721
547075692
547284466
547318573
547413228
547458121
547691521
547858697
547921951
547944450
548092029
548194390
548198224
548200729
548214920
548413448
548423310
548544577
548737466
548758887
548841709
548843584
548923041
549012935
549072630
549097325
549341633
549342804
549442203
549573475
549612901
549698561
549708329
549794433
549810893
549890314
549985990
550391219
550584409
550623007
550701606
550831319
550905135
551028293
551030390
551038944
551160053
551251309
551356326
551390633
551419149
551642878
551672602
552145262
552195355
552299524
552450241
552480296
552517162
552780925
552785345
552808013
552876848
553087045
553191941
553256578
553300640
553349633
553378554
553626193
553931798
553942923
554169974
554279031
554324812
554379531
554595035
554755354
555217759
555226545
555355482
555373217
555431576
555472337
555516346
555517489
555688488
555775629
555788945
555829409
556389408
556430378
556628573
556629685
556648243
556847575
557154998
557202393
557276248
557337390
557409959
557422723
557549664
557651852
557753785
557762157
557892085
558022555
558641377
558644500
558802986
558805726
558807078
558845103
559206951
559314582
559316129
559417443
559536910
559708734
559721831
559890143
559957394
560187320
560250487
560419299
560609273
560770745
561160102
561301012
561316153
561463496
561625940
561712224
561832888
561836953
562047397
562145445
562265156
562444386
562468688
562556921
563029322
563064662
563089748
563096316
563256038
563341705
563416416
563514832
563546860
563646221
563647853
563745628
563818499
564175690
564213729
564367708
564531163
564601424
564671023
564715819
564778862
564975591
564986549
565260626
565273415
565672432
565674785
565807511
565822209
565874913
566093456
566409534
566491193
566505757
566771121
566903734
567018967
567140580
567266936
567318597
567410048
567456867
567622636
567817562
568171349
568263504
568296306
568379936
569013420
569348933
569360213
569545672
570088769
570155808
570454318
570744597
570857526
570964090
571003936
571136624
571153753
571175669
571245730
571440203
571533076
571646786
571719989
572029700
572073410
572131697
572269575
572410997
572432534
572470852
572781869
573019112
573319697
573486235
573731651
573734444
573803404
573828482
573863315
574038937
574125746
574143467
574290172
574376592
574545994
574551893
574747546
574763944
575166292
575172330
575580552
575928542
576051442
576229170
576765848
576830058
576872417
576882701
576899923
576925514
576936543
577019754
577126986
577167350
577265125
577387593
577531569
577709270
577731773
577864389
578121907
578610041
578693266
578804176
579565686
579592028
579666230
579689594
580205832
580207230
580416278
580737375
580751065
580849735
580864283
581414061
581508689
581513218
581559663
581711741
581906977
581987841
582163924
582443972
582528105
582839612
582871335
583267946
583421040
583625105
583765241
583768062
583960668
584016025
584092237
584242201
584457603
584708859
584751650
584887344
584931610
585174405
585200727
585300194
585933794
586007440
586115533
586129051
586204323
586377775
586383419
586629685
586822158
586990083
586997627
587024961
587088526
587185159
587276675
587292589
587737354
587869281
588122894
588178117
588316370
588660428
588833611
588961955
589040938
589073720
589192005
589284735
589313368
589423417
589471363
589488595
589534017
589564362
589638347
589736997
590458704
590535871
590547054
590574585
590718794
590753934
590814684
591061927
591181606
591320652
591356538
591389756
591435041
591553284
591667085
591685108
591691445
591803396
591849438
592104099
592180781
592185940
592426108
592517231
592633690
592670699
592714052
592879917
592938405
593148824
593415094
593430199
593661007
593744038
593916377
594084866
594106336
594168489
594377162
594397559
594597658
594756477
594834964
595100833
595116214
595171233
595368101
595530329
595736108
595804741
595951963
596262856
596312870
596351378
596418741
596426880
596587819
596723569
596888915
596901040
596980370
597084426
597124389
597406545
597510968
597560182
597716913
597932239
598117244
598202043
598284204
598320368
598671130
598675948
598699421
598726414
598850758
599066134
599090269
599156092
599193620
599288806
599621530
599661376
599741945
599918834
600008008
600033899
600085296
600102927
600211783
600217215
600536013
600580381
600608940
600647403
600687800
600744994
600765060
600888781
600935662
600944181
601118279
601172200
601242234
601503513
601935971
601957850
602008094
602169045
602170140
602426901
602437780
602605572
602687940
602774675
602845598
602900191
602947310
602998787
603059843
603099190
603139930
603490968
603492620
603584383
603668191
603718162
603767619
603921381
603970096
604048012
604167666
604487284
604612205
604772047
604819815
604899098
605081379
605166306
605219561
605394153
605490753
605808299
605895588
606094519
606201796
606213971
606341633
606519135
606975722
607080862
607329013
607756432
607782563
607859646
607941866
608209105
608473757
608922323
609021538
609090630
609181014
609212095
609375262
609663554
609673010
609696726
609817974
609822631
609966703
610029061
610127215
610128121
610176214
610196129
610809364
611017570
611134434
611159715
611278936
611508575
611695657
611872711
611927672
611983092
612079611
612115364
612318473
612370916
612387262
612506492
612717914
612746085
612813625
612818978
612858425
612941396
613018365
613023262
613043546
613146565
613263186
613297405
613421898
613430493
613480772
613493953
613623258
613782048
613853322
613880434
614108187
614241391
614672251
614757700
614799241
614909898
615180458
615232126
615274105
615304603
615380482
615459538
615583636
615603978
615744645
615852749
615907146
616290565
616601459
616909927
616936831
616954158
617034028
617106344
617300586
617413943
617552949
617641649
617764346
617770805
617957993
618399906
618508892
618570722
618650486
618955451
619044965
619088478
619402070
619431969
619485902
619567120
619791192
620182088
620198282
620239975
620358572
620513596
620529310
620704261
620894836
621001165
621157331
621183165
621389129
621911062
621973907
622029514
622146865
622182107
622193763
622528559
622758078
622910021
623101741
623251470
623377838
623840018
623931062
624292356
624350710
624633658
624771711
625058000
625152736
625202459
625299033
625313852
625547170
625561337
625746301
625774873
626139360
626285380
626431915
626742883
626760455
626786992
626841070
627005271
627039764
627058131
627080714
627126068
627157348
627245280
627279073
627434117
627453110
627583851
627587141
627592266
627689350
627808000
627920072
628079540
628158294
628188181
628434780
628438240
628664344
628679165
628958629
629455715
629505247
629634849
629642049
629712640
629919500
629977660
630035411
630632380
630660640
630780953
630782906
631112696
631144555
631233618
631427473
631453266
631528421
631712269
631826133
631902757
631963011
632009228
632021664
632292279
632349742
632601463
632625781
632964464
633070375
633108201
633153552
633161701
633209692
633239153
633350746
633501691
633574688
633635188
633660262
633808036
633832385
633886607
633901105
634062994
634063523
634223331
634301779
634498479
635211435
635233164
635234905
635281463
635348843
635594611
635611529
635718007
636031009
636106973
636126052
636195829
636659290
637578359
637660099
637733533
637791673
637932201
638352558
638634131
638717743
638755123
639039759
639052371
639079956
639085437
639141058
639320315
639328018
639484596
639495068
639610352
639769231
639838838
639862588
639987661
640113018
640394090
640596386
640685047
640715693
640816934
640836939
640952499
641027558
641043140
641429142
641580786
641633036
641818137
642286886
642391393
642647411
642871958
642878241
642933686
643083886
643088790
643317892
643337649
643447584
643454023
643648485
643691363
643820672
643966169
644005832
644085096
644138465
644195568
644295394
644318259
644413699
644447945
644467278
644576756
644766283
644782211
645038747
645088340
645109779
645181714
645430359
645607156
645623395
645760996
645849927
645862433
645940060
645941420
646162888
646388705
646421118
646514782
646627044
646686123
646783044
646813672
646841039
647224925
647376831
647415388
647436681
647500358
647518137
647733650
647800356
647903702
648023514
648245559
648375108
648487209
648636697
649174684
649210584
649324632
649478127
649506302
649556345
649648489
649672162
649718585
649926691
650202984
650258503
651025338
651094745
651162236
651528018
651623239
651907176
652129237
652230866
652355187
652355416
652378288
652429830
652467291
652767853
653073240
653090333
653166558
653312225
653372919
653442091
653470409
653574979
653777086
653819603
653858450
653888493
654097066
654332420
654353403
654362967
654652564
654734188
654740666
654810569
655053016
655330515
655605264
655630690
655635903
655643592
655761758
655781914
655935328
656188940
656319741
656427379
656504057
656509077
656704199
656947393
656951741
657057143
657179955
657390987
657658072
657768327
657849103
658048736
658064507
658084433
658103995
658240442
658348741
658537287
658565743
658580028
658581579
658875511
658988298
659001307
659524763
659673057
659753244
659784959
659785107
660051986
660079350
660118178
660393742
660412344
660648843
660659643
660681506
660794884
660817657
660843549
661058398
661247342
661266430
661335311
661889724
661999499
662030197
662065049
662289152
662396585
662526780
662557880
662625798
662637297
662890823
662921893
662956053
662961995
663267309
663506544
663511860
663947429
664036393
664142555
664185528
664213902
664377435
664388503
664579086
664726522
664799029
664858645
664904517
664943096
664956775
664969616
665019971
665222589
665338670
665349157
665365104
665463048
665646526
665663187
666111815
666220012
666361121
666393201
666420795
666467653
666590720
666778868
666850928
667018205
667368091
667384132
667452720
667795481
667808561
667975654
668029122
668083576
668090877
668206142
668210805
668367613
668399115
668518675
668564188
668664719
668667650
668772479
669038508
669054378
669181168
669214551
669432201
669462105
669530391
669541884
669587968
669642533
669674946
669878691
669924510
670030690
670239955
670310872
670402633
670461919
670532325
670616927
670634196
670763090
670811417
670835790
670854259
670886028
671041890
671217114
671226879
671254053
671259413
671348228
671485733
671799593
671914044
672121186
672166322
672272983
672633098
672832520
673013177
673238030
673268605
673274490
673428488
673465880
673490889
673612611
673645250
673859906
674211394
674219792
674281011
674301524
674338836
674360837
674711309
675042595
675410928
675495965
675738365
676171703
676221882
676228296
676237967
676424400
676496663
676547565
676742245
676865814
676893190
676983495
677000793
677013602
677015093
677079550
677174413
677199272
677357316
677413550
677688673
677795286
677850625
677851040
678473245
678705049
678726039
678756006
678784047
678902220
679087282
679132064
679150218
679207142
679887864
679975664
680136437
680438764
680485934
680492597
680718968
680823091
681039833
681141925
681271018
681386770
681423450
681731824
681867567
681923952
681961584
682002593
682191931
682198418
682290765
682444049
683094504
683359889
683437459
683781986
683945241
683969794
683980201
684252869
684460739
684620091
684771789
684977700
684998276
685100129
685342488
685352003
685390584
685392646
685470342
685641819
685703045
685729240
685790657
685806999
686048037
686285612
686315213
686497337
686697193
686877301
686931882
687207277
687218197
687374429
687377426
687425007
687543071
687663583
687782926
687944468
688140359
688157919
688487703
688546986
688609837
688826562
688864988
689187398
689200553
689261210
689270335
689385221
689674429
689762837
689911727
690104117
690278208
690415450
690740397
690948873
691063510
691075028
691082628
691149711
691262636
691333894
691348130
691430831
691597156
691699756
691992893
692013911
692054036
692063382
692122550
692208561
692288420
692313317
692331433
692638728
692863883
692953666
692997640
693267009
693584926
693587286
693663607
693885531
693999407
694001649
694034719
694116595
694118684
694162179
694293053
694376704
694606698
694632991
694882703
694935501
694953225
695009663
695189811
695226835
695426501
695579677
695587466
695608375
695734161
695790951
695828210
695985844
696074111
696098006
696405746
696639589
696788752
696941657
697027219
697266908
697637743
697685224
697704350
697753409
697935953
698031712
698039731
698184440
698351210
698754156
698822083
698838979
699151889
699226137
699341831
699562154
699581402
699723656
699764765
699896761
699966965
700335161
700363063
700406564
700548552
700595543
700713670
700977807
701048867
701095457
701211170
701293457
701354903
701688460
701806560
701905094
701921925
702127892
702192669
702319829
702510562
702568746
702623979
702642284
702694511
702698787
702705978
702736899
702826389
702826458
702884115
702991442
703109729
703277533
703346526
703530074
703659359
703721718
703884548
704268620
704622484
704630535
704849747
705133420
705250569
705294897
705385181
705503530
705527604
705530077
705616043
705793475
706129209
706178270
706464279
706493021
706727452
706836844
706891403
706987930
706998090
707273720
707378345
707523835
707601620
707762817
708092437
708311008
708394872
708448482
708555946
708609887
708615444
708624408
708774889
708844150
709125721
709169015
709194842
709289674
709517828
709611994
709686251
709711328
709854436
709892013
709927415
710144939
710148309
710173900
710668034
710759535
710768593
710821032
710907412
710986463
711420396
711550888
711600287
711737940
711879204
711964293
711989791
712245374
712696615
712703775
712893002
712990083
713135945
713321027
713333483
713502197
713552656
713675663
714010736
714058397
714169119
714188036
714199381
714349134
714478466
714484079
714646423
714670966
714702482
714707858
714822757
714939128
715048055
715053870
715447169
715590650
716002749
716284074
716318450
716495745
716505347
716538744
716548391
716775963
716841572
716870217
717221387
717255413
717369781
717637241
717686627
717814223
717956595
718171203
718182267
718273736
718312569
718386674
718498705
718515643
718777947
718865259
719035774
719381256
719396550
719513832
719643973
719658622
720115289
720234054
720371203
720684877
720931047
720976693
721130967
721360543
721396774
721605881
721638482
721654487
721705401
721743816
721802870
721839580
721990439
722011239
722175883
722269675
722417316
722535534
722555580
722654884
722760902
722969072
723308971
723366119
723420665
723707336
723724312
723798394
723821179
723866017
723910109
723981462
724013700
724086596
724152673
724163072
724321495
724438644
724443077
724464274
724510634
724774604
725093542
725103438
725276151
725563571
725712142
725793311
725915636
726039006
726236064
726401651
726478120
726509412
726541406
726565328
727100142
727141534
727292248
727463246
727530382
727579151
727806164
727823923
727982628
728243572
728362802
728381752
728502471
728920581
728946641
729098246
729130953
729144192
729217848
729247126
729357506
729851788
729941692
729967647
730005416
730026897
730106058
730191328
730234364
730242408
730299793
730338144
730443249
730466799
730494466
730683012
730715059
730802415
731401127
731423291
731551490
731672709
732060830
732189327
732249977
732420152
732479180
732547954
732690685
732700305
732756291
732810122
732878128
732882657
732949284
733056458
733227475
733597965
733711220
733910840
733958674
734038676
734103398
734342844
734391512
734472567
734581045
734642962
734675076
734932928
734952186
734963766
735066934
735087666
735442882
735458305
735526353
735836331
735886334
736025982
736421509
736787455
737056859
737152477
737233534
737379289
737423241
737490998
737495319
737532496
737775854
737798980
738053661
738425634
738646960
738789780
739024737
739075527
739097561
739290793
739419748
739489062
739624381
739633620
739643582
739692324
739762300
739817350
739941300
739971876
740221458
740260212
740404436
740409546
740524219
740614299
740675727
741114061
741126271
741218964
741513206
741555004
741776859
741871271
742123338
742160694
742385810
742400707
742460611
742518985
742523505
742526175
742678470
742710377
742795149
742801839
743066693
743236692
743266260
743291245
743389213
743920920
744038494
744082519
744098091
744167576
744172690
744186541
744295866
744432692
744527001
744583812
744658953
744729666
744845060
744930369
744958146
745043840
745054177
745126751
745196409
745247670
745273828
745364951
745452432
745522220
745659995
745710810
745719281
745783660
745816955
745878724
746336311
746420049
746590538
746658121
746855814
747088558
747256565
747791319
747899313
747981836
748451190
748498006
748530357
748641787
748889701
749150810
749382338
749382586
749405552
749556541
749811195
749863323
749986271
750263856
750388342
750711710
750752265
750766174
751020647
751255211
751257484
751403285
751545567
751547554
751569486
751808233
751838781
751926582
752290494
752320261
752414604
752777565
752991981
753102142
753137431
753188702
753297130
753423032
753718185
753753298
753778153
753881328
754073500
754103659
754333492
754486369
754505113
754509416
754582216
754708373
754762345
754789050
754942488
755103487
755127615
755263090
755269248
755272568
755286423
755328622
755571444
755611673
755864098
755885239
755922874
756077275
756321210
756336341
756499886
756511039
756566174
756590190
756753317
756816667
756927080
756929602
757201716
757587457
758004932
758045288
758168740
758235064
758376369
758588971
758610627
758769813
758954961
759477488
759608855
759746091
759835452
759858971
759874916
759880661
759899693
759913344
760035862
760385570
760439156
760518711
760584855
760636682
760740023
760757112
760828276
760836065
760856598
761100567
761112637
761360884
761361081
761434939
761534751
761704690
761802045
761976960
761984187
762285636
762452762
762499457
762770878
762800520
762947987
763022079
763149951
763160020
763183693
763309319
763383752
763448804
763495754
763640016
763692582
763775895
763838978
763992830
764004000
764072353
764161029
764355810
764378548
764526914
764541597
764551659
764812143
764827763
764848443
765050292
765063598
765200887
765240204
765330391
765427569
765551940
765636282
765668118
765783383
765794043
765849866
765926725
765979095
766000725
766225949
766345421
766841058
766933153
767109938
767331690
767342114
767362315
767894509
768050052
768059046
768331168
768388151
768391667
768399499
768454660
768461735
768596129
768649082
768848335
768859802
769134602
769249259
769494046
769507981
769597672
769624639
769753962
769838624
769859068
769862567
770016084
770030808
770446131
770590334
770645554
770684634
770805071
770881988
771064548
771185721
771566638
771637335
771699467
771747706
771869365
772181134
772191323
772582059
772704756
772735729
772772288
772997308
773158057
773193932
773250603
773276518
773506096
773614986
773680886
773684864
773794039
773894826
773981197
774019396
774050405
774390964
774574573
774749732
774767929
774834678
774849708
774945954
774978169
775033683
775049893
775095128
775164639
775185538
775419904
775493775
775790001
776258223
776402559
776657104
776775324
776955287
776958533
777393811
777408285
777474897
777485601
777496381
777928351
778314035
778437942
778505803
778525384
778525385
778588104
778599076
778678617
779302316
779473173
779620163
779835161
779891871
779926238
780001751
780272222
780321851
780690520
780880887
780888310
781468514
781859590
781908485
782215580
782219473
782427825
782497300
782655584
782687063
782689757
782861694
783000292
783388027
784092692
784763103
784772146
784826110
784881177
784945720
785199202
785202424
785518920
785621145
785666994
785724225
785782144
785931023
785937819
786000328
786145360
786237034
786271217
786303537
786314706
786374970
786381989
786397710
786462310
786558063
786570803
786648612
787090650
787401405
787941098
788048136
788080805
788107878
788278658
788368704
788526873
788613411
788638330
788714155
788773251
788809325
788928541
789061975
789319093
789334754
789491672
789594366
789637753
789652544
789742260
789870564
789873549
789999305
790008448
790101159
790260010
790261004
790262633
790295086
790593342
790599992
790723554
790782156
790808849
790906031
790952368
791120579
791124000
791322246
791355529
791434243
791468761
791491165
791926727
792043943
792550116
792580536
792582094
792858703
792873111
792934734
793198834
793434746
793542252
793663283
793841695
793924735
793943903
793998842
794104446
794217017
794295921
794440771
794704515
795077045
795118847
795355274
795359807
795509362
795611370
795840191
795881697
796256946
796264683
796344152
796391076
796483160
796569053
796614625
796665643
796865764
797169023
797448373
797955030
798006933
798015888
798027235
798317154
798509800
798536667
798683165
798927964
799138628
799151254
799259911
799293756
799373213
799496537
799508880
799717145
799791219
799842430
800083564
800087809
800104549
800111886
800132414
800150391
800315840
800319797
800447219
800457710
800469001
800732766
800748138
800809205
800901945
800998349
801093025
801217649
801322683
801349139
801464182
801478186
801576078
801737778
801821311
801930371
801932626
802064787
802265556
802270508
802354643
802494643
802501349
802561733
802797238
802864446
802893212
802902007
802926603
803038093
803064058
803112581
803179501
803503257
803518622
803648829
803706196
803736458
803773375
803785990
803829705
803895789
803988507
803998074
804003731
804031030
804049818
804085715
804148379
804188140
804514735
804678201
804692078
804805048
804815026
805014055
805023975
805306597
805495833
805539748
805915096
805975877
805996193
806040161
806335305
806456298
806473011
806507563
806571457
806670262
806741858
806828300
806894316
807236356
807393118
807495699
807495886
807496581
807605874
807611721
807901309
807962680
808091943
808099668
808194696
808509334
808647693
808801377
808905502
808968865
809097020
809200423
809292934
809330718
809670533
809947476
809953563
809969508
810323252
810472843
810547823
810581339
810739021
810939952
811129575
811391122
811470601
811689974
811692047
811742100
811917926
811925325
811934142
812090880
812162834
812251133
812412386
812605175
812639889
812895948
812920253
812958422
813265801
813336586
813626712
813735428
813812627
814212922
814278873
814294160
814318438
814380198
814469659
814585010
814738290
814767917
814862313
814970797
814973374
814978649
815080403
815233756
815284806
815410596
815527421
815585846
815819653
815820135
815927567
816063618
816176982
816299607
816349610
816468892
816729807
816749622
816811592
816921171
817058348
817199865
817358122
817549957
817581108
817641547
817682694
817790016
817907099
818134746
818175789
818331481
818336726
818368249
818494880
818956764
818986235
818989526
819113681
819518215
819647410
819757338
819925499
819961327
819981822
819985780
820131620
820135707
820153019
820192535
820397229
820398493
820430877
820556606
820615008
820672186
820896675
821073171
821087915
821099499
821183481
821268425
821298934
821433629
821454474
821642628
821699083
821754282
821782364
821841739
821852111
821873059
822364519
822415684
822513231
822556579
822565502
822598190
822736704
822763101
822862129
822875824
822970690
823088083
823133470
823139550
823144525
823381592
823991980
824004398
824177835
824304704
824507421
824640394
824723339
824775858
824786119
824812227
824818082
824951366
825043510
825084952
825104836
825224173
825326711
825409265
825429604
825450333
825502729
825582416
825650355
825812872
825928259
825976378
826032842
826168369
826421869
826513137
826551601
826584090
827058907
827267664
827282428
827681378
827734481
827778818
827945751
828115604
828345531
828388262
828544076
828652546
828697314
829176044
829370775
829480848
829484947
829496265
829507096
829512728
829883050
829891274
830161398
830325456
830481766
830616916
830980970
831140567
831188654
831226027
831302758
831354302
831405526
831537368
831635603
831977094
832128479
832307349
832639187
832806009
833043051
833076456
833190384
833234507
833374949
833665199
833843186
833951472
833963734
834487488
834490757
834654045
834671122
834844939
835010090
835258886
835533027
835572461
835623561
835861431
835897412
835928089
835954318
835971026
836184845
836203121
836269885
836370018
836635906
836682678
836970294
836984651
837025028
837025412
837030594
837123672
837199027
837234643
837316914
837635236
837818734
838072176
838157926
838188227
838276218
838284612
838292931
838777800
838841873
839211026
839396468
839571390
839574587
839854837
839868456
840047357
840091370
840243769
840349471
840748948
840860835
840896234
840918214
841218652
841345365
841346322
841376784
841387317
841452017
841479924
841821093
841967527
842247874
842427580
842586047
842888391
842925763
842961201
843005368
843163799
843345465
843941915
844051158
844204685
844217820
844251530
844304521
844358530
844409351
844437046
844547531
844619477
844934614
845014980
845047613
845062105
845074911
845171152
845190664
845253016
845342251
845495639
845543330
845696071
845790430
845839038
845857342
846126130
846224227
846446886
846451452
846475939
846574966
846847175
846938906
847124680
847188705
847213032
847382524
847389587
847451787
847474986
847592208
847799832
847827780
848178952
848183240
848386077
848423262
848486305
848543391
848606189
848742291
848757074
848787237
848874366
849099961
849137804
849169248
849248476
849352634
849361231
849612465
849788876
849862911
849892360
850180871
850497319
850625044
850627159
850692977
850712214
850806691
851180852
851336284
851489676
851642378
851671271
851720986
851740835
851776685
851865959
851924812
851927625
851985733
852019026
852324884
852336410
852773213
852905363
852946084
853070016
853224600
853423958
853562059
853578375
853910834
854068656
854381771
854441811
854456552
854476396
854519412
854556644
854609308
854649827
854782762
854939938
854946223
855062892
855571803
855766036
855786969
855856726
855871516
855958876
855992839
856001484
856155299
856256990
856389974
856767443
856792626
856935338
857032618
857092567
857408017
857516642
857591626
857595215
857862634
858171307
858212425
858289193
858669174
858713144
858774104
858842933
859071238
859120244
859126052
859185923
859548901
859659622
859751057
859819000
859919043
859980641
860045884
860087784
860090149
860290034
860392690
860407555
860414820
860455926
860493956
860600562
860696433
860737479
860753743
861058022
861241693
861284807
861307987
861465775
861863488
862061432
862133661
862173201
862212229
862289752
862290112
862342724
862392235
862416150
862439078
862588371
862596679
862623340
862715190
862802424
862814105
863168893
863478530
863598891
863680831
863687404
863758131
863912224
863913344
864082458
864097270
864280001
864381335
864517209
864634620
864683496
864950614
865043385
865388615
865399621
865436851
865474193
865640594
865650325
865673601
865785154
866200836
866380015
866400932
866404972
866428131
866698560
866731007
866877684
867078897
867102385
867154821
867157722
867316072
867329679
867339148
867375416
867512350
867534079
867641691
867658561
867881624
867899780
867954754
868156178
868245197
868311389
868434048
868515377
868721753
869198643
869338913
869512024
869642781
869659612
869825886
869890933
869893258
869913668
870112570
870181291
870220973
870371893
870450255
870548484
870702330
871150549
871164523
871416683
871637681
871993050
872007378
872215203
872265970
872419981
872625767
872643866
872674825
872829384
872999790
873145462
873235834
873241757
873392284
873526403
873764037
873985266
874015934
874031094
874209880
874231229
874326247
874409290
874527050
874540089
874598099
874780509
874790455
875000523
875351509
875426901
875648427
875715626
875722785
876335569
876443554
876464493
876967128
877080954
877135897
877195284
877807506
878013813
878063582
878098905
878100965
878192117
878252658
878651964
878689787
878919570
879039269
879156208
879505873
879667622
879816540
879916059
879950043
879950663
880086035
880254240
880300875
880330533
880613364
880633737
880661617
880845214
880974935
881001709
881014018
881232182
881428430
881443421
881633419
881741063
882328982
882406464
882448835
882618427
882826820
882854859
882986725
883058424
883072162
883135367
883215148
883298068
883378548
883440835
883450176
883480769
883498222
883541778
883812630
883979142
884127977
884160967
884260803
884305823
884507386
884598502
884619538
884708353
885041696
885070343
885072001
885199233
885260721
885320601
885666684
885783548
885791934
885885663
885944557
885969599
886249642
886340401
886445843
886479266
886505653
886527652
886687809
886770724
887114994
887295416
887357908
887475942
887594366
887594536
887837401
887861072
887889033
888044703
888135759
888150173
888232768
888269469
888318492
888347332
888366175
888366293
888454560
888463191
888482881
888519005
888564887
888624729
888933961
888981721
888992664
888994267
889121971
889161731
889182203
889191653
889227233
889379614
889462142
889720014
889732656
889768085
889924614
890339085
890461896
890525641
890931305
891017165
891177424
891188410
891223963
891325175
891478112
891615361
891722959
891881601
892009846
892063278
892191287
892211554
892230926
892324975
892508058
892597636
892665068
893290337
893381445
893396568
893618453
893822337
893865589
893896620
894297391
894354032
894501587
894713853
894839375
895034689
895065139
895098805
895146534
895356850
895406992
895518898
895641749
895657568
895819267
895964939
895969164
896023564
896104638
896213555
896220774
896458795
896546067
896581828
896606400
896646079
896697756
896729474
896815197
896839919
896924811
897121702
897206992
897248176
897333862
897732813
898011873
898119493
898172774
898522623
898664872
898679669
898898626
898917339
898993169
899043813
899127629
899197786
899235103
899356745
899483804
899491045
899610054
899618716
899684031
899755638
899832109
900285227
900361513
900714742
900749799
900818839
900837145
900960383
901107935
901122150
901204515
901207786
901745097
901914940
902138424
902260452
902334760
902423919
902699961
902914473
903004222
903293969
903519633
903560275
903790499
903976187
904129683
904152011
904763930
904814019
904921895
904961773
905042069
905049977
905063197
905080927
905267522
905297184
905304180
905307222
905367824
905395865
905568537
905624330
905932466
906306368
906418674
906646269
906668938
907034970
907229457
907236484
907289956
907481792
908000454
908008448
908070777
908203252
908261289
908452350
908455213
908545586
908582749
908632749
908855851
909024085
909114596
909114821
909254883
909317161
909526198
909624689
909632396
909759497
909762784
909931087
910090433
910283547
910398266
910662985
910715993
910972566
911359621
911467680
911617000
911800198
912048557
912063122
912239669
912278723
912331217
912432296
912598204
912852455
912923369
912984512
913020896
913124867
913205852
913423676
913718541
913977261
914029430
914052790
914079397
914140201
914184085
914343396
914348308
914682016
914753781
914756314
914959827
915424985
915674241
915724817
915759258
915786413
915857988
915902165
916005114
916037566
916042938
916046795
916131175
916359860
916395632
916477759
916492037
916610137
916890979
916941362
917282666
917442450
917494644
917776278
917819064
917865423
917916900
917929041
918077677
918210968
918378232
918682781
918771610
919039493
919043693
919257875
919341959
919388139
919498339
919604372
919653055
919866813
919994796
920197364
920527640
920589840
920774730
920990613
921189532
921210444
921266272
921468674
921559196
921630753
921680817
921686327
921816731
921873895
922030755
922448777
922575600
922611073
922868658
922872255
923006604
923031987
923093761
923161728
923181179
923339236
923363739
923402168
923461345
923505272
923628811
923760323
923907999
924442464
924443243
924609034
924625915
924798433
924808453
924827238
924829438
924889134
925019099
925021291
925255573
925613961
925965712
926017183
926023196
926221847
926342228
926398141
926440563
926664864
926672371
926725689
927055275
927376760
927476640
927742731
927930083
927977764
927989206
928031816
928133040
928186459
928272141
928346007
928492883
928572337
928705148
928830350
928976451
929090173
929156836
929203751
929265155
930234041
930304126
930307005
930307948
930429306
930477066
930711493
930714788
930802583
930887009
931071061
931098668
931145038
931149695
931267246
931367738
931562722
931579765
931706181
931833148
931960184
932108305
932161097
932346758
932586274
932616828
932645215
932781102
932811583
932812125
932984500
933081055
933203149
933286088
933305515
933475793
933487568
933526191
933756076
933967042
934276314
934282319
934310643
934622828
934946153
935291908
935335660
935561468
935628785
935633981
935645696
935663194
935679503
935724544
935797884
935821755
936102205
936328701
936693071
936740336
937023548
937125763
937209075
937487903
937684738
937741905
937817056
937832110
938066917
938090577
938237254
938316062
938389335
938439880
938456267
938460793
938583739
938726289
938878932
939073398
939193523
939526009
939683268
939820145
939949656
939979119
940020933
940060601
940066879
940097488
940367467
940369646
940529118
940538227
940770636
940884937
940933758
940984920
941032608
941215167
941312534
941431541
941504121
941656658
941667351
941740127
941884098
942107103
942319115
942404235
942506444
942507797
942582605
942643982
942710781
942856767
942865330
942995126
943250532
943308127
943421872
943590139
943801288
943825989
944407409
944439005
945094659
945113510
945181767
945432645
945462721
945494514
945529834
945740649
945886341
946093038
946172359
946301261
946394347
946394913
946407859
946493100
946515869
946686127
946806606
946995671
947019176
947253340
947355410
947358762
947585932
947655676
947705294
947731162
947762210
947816341
947937476
948017130
948023065
948227034
948257366
948336831
948886764
949050969
949107093
949280373
949286010
949371069
949452759
949608227
949774968
950061636
950218201
950234917
950300073
950370534
950711818
950770351
950774199
950782239
950857703
950867202
950946384
951002905
951056096
951121022
951227261
951483106
951501731
951502142
951630970
951667410
951734016
952050056
952162522
952256999
952454969
952475745
952481160
952746291
952934212
952945216
952982014
953201878
953245698
953624263
953656422
953872563
953899109
953944422
953972912
953986287
953992774
954108286
954180327
954322798
954414004
954429076
954453271
954528072
954534124
954622745
954666555
954700712
954757814
955020357
955035564
955062415
955103832
955205159
955222455
955229742
955512167
955863043
956070854
956132050
956153660
956186421
956247436
956348948
956465283
956539292
956694252
956799806
956884964
956961865
956963532
957018169
957062378
957149153
957180118
957224202
957274000
957334835
957387745
957461395
957513697
957634111
957700495
957757540
957814081
958065273
958125114
958273342
958455482
958537736
958544602
958579170
958615914
958653353
958716974
958870062
958901275
959244227
959275996
959296121
959303352
959305396
959354035
959370093
959381233
959447840
959511294
959893349
959917069
960161791
960327561
960403032
960429939
960752130
961352834
961417089
961824556
961838705
962143719
962223796
962365147
962459973
962585897
962633904
962855412
962897632
962967515
963005695
963084081
963384114
963552460
963790758
964213135
964277055
964517223
964595188
964650597
964665778
964710077
964723945
964732388
964842936
964857657
964912818
964917639
964998428
965068655
965261004
965425049
965447560
965611591
965766409
965860573
966034626
966051362
966181201
966208602
966329221
966495660
966525978
966540062
966565978
966867360
967193370
967194355
967456238
967457877
967491948
967575637
967670502
967774106
967821878
967976127
968382699
968510418
968543192
968547546
968590600
968615634
968631905
968806159
968859109
969446130
969530923
969807985
969853770
969872875
970086430
970117708
970447610
970491676
970496974
970634118
970643505
970826521
970930677
970948843
971151102
971383836
971771711
972024263
972250713
972374956
972591905
972630951
972678552
972744251
972803860
972805109
973166753
973313620
973328776
973409362
973441404
973495932
973752662
973816589
973838601
973843676
974058685
974090264
974224984
974530470
974543246
974610975
974635514
974691955
974735358
975084297
975224322
975357808
975456437
975463669
975468734
975523753
975570708
975803403
975834868
975969398
976096864
976172106
976301596
976511031
976546159
976554541
976701016
977033593
977034570
977185278
977632419
977847276
978149625
978471365
978593287
978769705
978821412
978897922
978917697
979644339
979663032
979676170
979679359
979682540
979736211
979837901
979879335
980068816
980092142
980232144
980466471
980648535
980719341
980926292
981115550
981341387
981430908
981526196
981610279
981858075
982111270
982141527
982167515
982239441
982373257
982513971
982696989
982742719
983025477
983153026
983656817
983735230
983817980
983841794
983885296
984204603
984354171
984414931
984562762
984621797
984978611
985004186
985046930
985219490
985468784
985651000
985673921
985763148
985840667
986138608
986183284
986253845
986336536
986525240
986728607
986795895
986941726
987073383
987373793
987640389
987671945
987929980
987981081
988165647
988229111
988363870
988415838
988516252
988601971
988761256
988786860
988910409
988920838
988979821
989051464
989117315
989382854
989399477
989455860
989564311
989995616
990033000
990057841
990074562
990087334
990210771
990213647
990337355
990445908
990501687
990526459
990806793
990886699
991058668
991266569
991276000
991436712
991919594
992040593
992089560
992339639
992412723
992789576
992877782
993172027
993219330
993343223
993355999
993540478
993887557
994031235
994387287
994446188
994475175
994647834
994730682
995248145
995283819
995413056
995416043
995585490
995764097
995928794
995932077
996143970
996165133
996292144
996738006
996851480
996870506
996894053
996898543
996988103
997095655
997290933
997583502
997593678
997608443
997648598
997649945
997819074
997841210
997915098
998030706
998055142
998069950
998082149
998158788
998172427
998204317
998215245
998226386
998299451
998386808
998583359
998920478
999242380
999248217
999254723
999271412
999364278
999504986
999607954
999837226
999848533
999918355