999918355
999848533
999837226
999607954
999504986
999364278
999271412
999254723
999248217
999242380
998920478
998583359
998386808
998299451
998226386
998215245
998204317
998172427
998158788
998082149
998069950
998055142
998030706
997915098
997841210
997819074
997649945
997648598
997608443
997593678
997583502
997290933
997095655
996988103
996898543
996894053
996870506
996851480
996738006
996292144
996165133
996143970
995932077
995928794
995764097
995585490
995416043
995413056
995283819
995248145
994730682
994647834
994475175
994446188
994387287
994031235
993887557
993540478
993355999
993343223
993219330
993172027
992877782
992789576
992412723
992339639
992089560
992040593
991919594
991436712
991276000
991266569
991058668
990886699
990806793
990526459
990501687
990445908
990337355
990213647
990210771
990087334
990074562
990057841
990033000
989995616
989564311
989455860
989399477
989382854
989117315
989051464
988979821
988920838
988910409
988786860
988761256
988601971
988516252
988415838
988363870
988229111
988165647
987981081
987929980
987671945
987640389
987373793
987073383
986941726
986795895
986728607
986525240
986336536
986253845
986183284
986138608
985840667
985763148
985673921
985651000
985468784
985219490
985046930
985004186
984978611
984621797
984562762
984414931
984354171
984204603
983885296
983841794
983817980
983735230
983656817
983153026
983025477
982742719
982696989
982513971
982373257
982239441
982167515
982141527
982111270
981858075
981610279
981526196
981430908
981341387
981115550
980926292
980719341
980648535
980466471
980232144
980092142
980068816
979879335
979837901
979736211
979682540
979679359
979676170
979663032
979644339
978917697
978897922
978821412
978769705
978593287
978471365
978149625
977847276
977632419
977185278
977034570
977033593
976701016
976554541
976546159
976511031
976301596
976172106
976096864
975969398
975834868
975803403
975570708
975523753
975468734
975463669
975456437
975357808
975224322
975084297
974735358
974691955
974635514
974610975
974543246
974530470
974224984
974090264
974058685
973843676
973838601
973816589
973752662
973495932
973441404
973409362
973328776
973313620
973166753
972805109
972803860
972744251
972678552
972630951
972591905
972374956
972250713
972024263
971771711
971383836
971151102
970948843
970930677
970826521
970643505
970634118
970496974
970491676
970447610
970117708
970086430
969872875
969853770
969807985
969530923
969446130
968859109
968806159
968631905
968615634
968590600
968547546
968543192
968510418
968382699
967976127
967821878
967774106
967670502
967575637
967491948
967457877
967456238
967194355
967193370
966867360
966565978
966540062
966525978
966495660
966329221
966208602
966181201
966051362
966034626
965860573
965766409
965611591
965447560
965425049
965261004
965068655
964998428
964917639
964912818
964857657
964842936
964732388
964723945
964710077
964665778
964650597
964595188
964517223
964277055
964213135
963790758
963552460
963384114
963084081
963005695
962967515
962897632
962855412
962633904
962585897
962459973
962365147
962223796
962143719
961838705
961824556
961417089
961352834
960752130
960429939
960403032
960327561
960161791
959917069
959893349
959511294
959447840
959381233
959370093
959354035
959305396
959303352
959296121
959275996
959244227
958901275
958870062
958716974
958653353
958615914
958579170
958544602
958537736
958455482
958273342
958125114
958065273
957814081
957757540
957700495
957634111
957513697
957461395
957387745
957334835
957274000
957224202
957180118
957149153
957062378
957018169
956963532
956961865
956884964
956799806
956694252
956539292
956465283
956348948
956247436
956186421
956153660
956132050
956070854
955863043
955512167
955229742
955222455
955205159
955103832
955062415
955035564
955020357
954757814
954700712
954666555
954622745
954534124
954528072
954453271
954429076
954414004
954322798
954180327
954108286
953992774
953986287
953972912
953944422
953899109
953872563
953656422
953624263
953245698
953201878
952982014
952945216
952934212
952746291
952481160
952475745
952454969
952256999
952162522
952050056
951734016
951667410
951630970
951502142
951501731
951483106
951227261
951121022
951056096
951002905
950946384
950867202
950857703
950782239
950774199
950770351
950711818
950370534
950300073
950234917
950218201
950061636
949774968
949608227
949452759
949371069
949286010
949280373
949107093
949050969
948886764
948336831
948257366
948227034
948023065
948017130
947937476
947816341
947762210
947731162
947705294
947655676
947585932
947358762
947355410
947253340
947019176
946995671
946806606
946686127
946515869
946493100
946407859
946394913
946394347
946301261
946172359
946093038
945886341
945740649
945529834
945494514
945462721
945432645
945181767
945113510
945094659
944439005
944407409
943825989
943801288
943590139
943421872
943308127
943250532
942995126
942865330
942856767
942710781
942643982
942582605
942507797
942506444
942404235
942319115
942107103
941884098
941740127
941667351
941656658
941504121
941431541
941312534
941215167
941032608
940984920
940933758
940884937
940770636
940538227
940529118
940369646
940367467
940097488
940066879
940060601
940020933
939979119
939949656
939820145
939683268
939526009
939193523
939073398
938878932
938726289
938583739
938460793
938456267
938439880
938389335
938316062
938237254
938090577
938066917
937832110
937817056
937741905
937684738
937487903
937209075
937125763
937023548
936740336
936693071
936328701
936102205
935821755
935797884
935724544
935679503
935663194
935645696
935633981
935628785
935561468
935335660
935291908
934946153
934622828
934310643
934282319
934276314
933967042
933756076
933526191
933487568
933475793
933305515
933286088
933203149
933081055
932984500
932812125
932811583
932781102
932645215
932616828
932586274
932346758
932161097
932108305
931960184
931833148
931706181
931579765
931562722
931367738
931267246
931149695
931145038
931098668
931071061
930887009
930802583
930714788
930711493
930477066
930429306
930307948
930307005
930304126
930234041
929265155
929203751
929156836
929090173
928976451
928830350
928705148
928572337
928492883
928346007
928272141
928186459
928133040
928031816
927989206
927977764
927930083
927742731
927476640
927376760
927055275
926725689
926672371
926664864
926440563
926398141
926342228
926221847
926023196
926017183
925965712
925613961
925255573
925021291
925019099
924889134
924829438
924827238
924808453
924798433
924625915
924609034
924443243
924442464
923907999
923760323
923628811
923505272
923461345
923402168
923363739
923339236
923181179
923161728
923093761
923031987
923006604
922872255
922868658
922611073
922575600
922448777
922030755
921873895
921816731
921686327
921680817
921630753
921559196
921468674
921266272
921210444
921189532
920990613
920774730
920589840
920527640
920197364
919994796
919866813
919653055
919604372
919498339
919388139
919341959
919257875
919043693
919039493
918771610
918682781
918378232
918210968
918077677
917929041
917916900
917865423
917819064
917776278
917494644
917442450
917282666
916941362
916890979
916610137
916492037
916477759
916395632
916359860
916131175
916046795
916042938
916037566
916005114
915902165
915857988
915786413
915759258
915724817
915674241
915424985
914959827
914756314
914753781
914682016
914348308
914343396
914184085
914140201
914079397
914052790
914029430
913977261
913718541
913423676
913205852
913124867
913020896
912984512
912923369
912852455
912598204
912432296
912331217
912278723
912239669
912063122
912048557
911800198
911617000
911467680
911359621
910972566
910715993
910662985
910398266
910283547
910090433
909931087
909762784
909759497
909632396
909624689
909526198
909317161
909254883
909114821
909114596
909024085
908855851
908632749
908582749
908545586
908455213
908452350
908261289
908203252
908070777
908008448
908000454
907481792
907289956
907236484
907229457
907034970
906668938
906646269
906418674
906306368
905932466
905624330
905568537
905395865
905367824
905307222
905304180
905297184
905267522
905080927
905063197
905049977
905042069
904961773
904921895
904814019
904763930
904152011
904129683
903976187
903790499
903560275
903519633
903293969
903004222
902914473
902699961
902423919
902334760
902260452
902138424
901914940
901745097
901207786
901204515
901122150
901107935
900960383
900837145
900818839
900749799
900714742
900361513
900285227
899832109
899755638
899684031
899618716
899610054
899491045
899483804
899356745
899235103
899197786
899127629
899043813
898993169
898917339
898898626
898679669
898664872
898522623
898172774
898119493
898011873
897732813
897333862
897248176
897206992
897121702
896924811
896839919
896815197
896729474
896697756
896646079
896606400
896581828
896546067
896458795
896220774
896213555
896104638
896023564
895969164
895964939
895819267
895657568
895641749
895518898
895406992
895356850
895146534
895098805
895065139
895034689
894839375
894713853
894501587
894354032
894297391
893896620
893865589
893822337
893618453
893396568
893381445
893290337
892665068
892597636
892508058
892324975
892230926
892211554
892191287
892063278
892009846
891881601
891722959
891615361
891478112
891325175
891223963
891188410
891177424
891017165
890931305
890525641
890461896
890339085
889924614
889768085
889732656
889720014
889462142
889379614
889227233
889191653
889182203
889161731
889121971
888994267
888992664
888981721
888933961
888624729
888564887
888519005
888482881
888463191
888454560
888366293
888366175
888347332
888318492
888269469
888232768
888150173
888135759
888044703
887889033
887861072
887837401
887594536
887594366
887475942
887357908
887295416
887114994
886770724
886687809
886527652
886505653
886479266
886445843
886340401
886249642
885969599
885944557
885885663
885791934
885783548
885666684
885320601
885260721
885199233
885072001
885070343
885041696
884708353
884619538
884598502
884507386
884305823
884260803
884160967
884127977
883979142
883812630
883541778
883498222
883480769
883450176
883440835
883378548
883298068
883215148
883135367
883072162
883058424
882986725
882854859
882826820
882618427
882448835
882406464
882328982
881741063
881633419
881443421
881428430
881232182
881014018
881001709
880974935
880845214
880661617
880633737
880613364
880330533
880300875
880254240
880086035
879950663
879950043
879916059
879816540
879667622
879505873
879156208
879039269
878919570
878689787
878651964
878252658
878192117
878100965
878098905
878063582
878013813
877807506
877195284
877135897
877080954
876967128
876464493
876443554
876335569
875722785
875715626
875648427
875426901
875351509
875000523
874790455
874780509
874598099
874540089
874527050
874409290
874326247
874231229
874209880
874031094
874015934
873985266
873764037
873526403
873392284
873241757
873235834
873145462
872999790
872829384
872674825
872643866
872625767
872419981
872265970
872215203
872007378
871993050
871637681
871416683
871164523
871150549
870702330
870548484
870450255
870371893
870220973
870181291
870112570
869913668
869893258
869890933
869825886
869659612
869642781
869512024
869338913
869198643
868721753
868515377
868434048
868311389
868245197
868156178
867954754
867899780
867881624
867658561
867641691
867534079
867512350
867375416
867339148
867329679
867316072
867157722
867154821
867102385
867078897
866877684
866731007
866698560
866428131
866404972
866400932
866380015
866200836
865785154
865673601
865650325
865640594
865474193
865436851
865399621
865388615
865043385
864950614
864683496
864634620
864517209
864381335
864280001
864097270
864082458
863913344
863912224
863758131
863687404
863680831
863598891
863478530
863168893
862814105
862802424
862715190
862623340
862596679
862588371
862439078
862416150
862392235
862342724
862290112
862289752
862212229
862173201
862133661
862061432
861863488
861465775
861307987
861284807
861241693
861058022
860753743
860737479
860696433
860600562
860493956
860455926
860414820
860407555
860392690
860290034
860090149
860087784
860045884
859980641
859919043
859819000
859751057
859659622
859548901
859185923
859126052
859120244
859071238
858842933
858774104
858713144
858669174
858289193
858212425
858171307
857862634
857595215
857591626
857516642
857408017
857092567
857032618
856935338
856792626
856767443
856389974
856256990
856155299
856001484
855992839
855958876
855871516
855856726
855786969
855766036
855571803
855062892
854946223
854939938
854782762
854649827
854609308
854556644
854519412
854476396
854456552
854441811
854381771
854068656
853910834
853578375
853562059
853423958
853224600
853070016
852946084
852905363
852773213
852336410
852324884
852019026
851985733
851927625
851924812
851865959
851776685
851740835
851720986
851671271
851642378
851489676
851336284
851180852
850806691
850712214
850692977
850627159
850625044
850497319
850180871
849892360
849862911
849788876
849612465
849361231
849352634
849248476
849169248
849137804
849099961
848874366
848787237
848757074
848742291
848606189
848543391
848486305
848423262
848386077
848183240
848178952
847827780
847799832
847592208
847474986
847451787
847389587
847382524
847213032
847188705
847124680
846938906
846847175
846574966
846475939
846451452
846446886
846224227
846126130
845857342
845839038
845790430
845696071
845543330
845495639
845342251
845253016
845190664
845171152
845074911
845062105
845047613
845014980
844934614
844619477
844547531
844437046
844409351
844358530
844304521
844251530
844217820
844204685
844051158
843941915
843345465
843163799
843005368
842961201
842925763
842888391
842586047
842427580
842247874
841967527
841821093
841479924
841452017
841387317
841376784
841346322
841345365
841218652
840918214
840896234
840860835
840748948
840349471
840243769
840091370
840047357
839868456
839854837
839574587
839571390
839396468
839211026
838841873
838777800
838292931
838284612
838276218
838188227
838157926
838072176
837818734
837635236
837316914
837234643
837199027
837123672
837030594
837025412
837025028
836984651
836970294
836682678
836635906
836370018
836269885
836203121
836184845
835971026
835954318
835928089
835897412
835861431
835623561
835572461
835533027
835258886
835010090
834844939
834671122
834654045
834490757
834487488
833963734
833951472
833843186
833665199
833374949
833234507
833190384
833076456
833043051
832806009
832639187
832307349
832128479
831977094
831635603
831537368
831405526
831354302
831302758
831226027
831188654
831140567
830980970
830616916
830481766
830325456
830161398
829891274
829883050
829512728
829507096
829496265
829484947
829480848
829370775
829176044
828697314
828652546
828544076
828388262
828345531
828115604
827945751
827778818
827734481
827681378
827282428
827267664
827058907
826584090
826551601
826513137
826421869
826168369
826032842
825976378
825928259
825812872
825650355
825582416
825502729
825450333
825429604
825409265
825326711
825224173
825104836
825084952
825043510
824951366
824818082
824812227
824786119
824775858
824723339
824640394
824507421
824304704
824177835
824004398
823991980
823381592
823144525
823139550
823133470
823088083
822970690
822875824
822862129
822763101
822736704
822598190
822565502
822556579
822513231
822415684
822364519
821873059
821852111
821841739
821782364
821754282
821699083
821642628
821454474
821433629
821298934
821268425
821183481
821099499
821087915
821073171
820896675
820672186
820615008
820556606
820430877
820398493
820397229
820192535
820153019
820135707
820131620
819985780
819981822
819961327
819925499
819757338
819647410
819518215
819113681
818989526
818986235
818956764
818494880
818368249
818336726
818331481
818175789
818134746
817907099
817790016
817682694
817641547
817581108
817549957
817358122
817199865
817058348
816921171
816811592
816749622
816729807
816468892
816349610
816299607
816176982
816063618
815927567
815820135
815819653
815585846
815527421
815410596
815284806
815233756
815080403
814978649
814973374
814970797
814862313
814767917
814738290
814585010
814469659
814380198
814318438
814294160
814278873
814212922
813812627
813735428
813626712
813336586
813265801
812958422
812920253
812895948
812639889
812605175
812412386
812251133
812162834
812090880
811934142
811925325
811917926
811742100
811692047
811689974
811470601
811391122
811129575
810939952
810739021
810581339
810547823
810472843
810323252
809969508
809953563
809947476
809670533
809330718
809292934
809200423
809097020
808968865
808905502
808801377
808647693
808509334
808194696
808099668
808091943
807962680
807901309
807611721
807605874
807496581
807495886
807495699
807393118
807236356
806894316
806828300
806741858
806670262
806571457
806507563
806473011
806456298
806335305
806040161
805996193
805975877
805915096
805539748
805495833
805306597
805023975
805014055
804815026
804805048
804692078
804678201
804514735
804188140
804148379
804085715
804049818
804031030
804003731
803998074
803988507
803895789
803829705
803785990
803773375
803736458
803706196
803648829
803518622
803503257
803179501
803112581
803064058
803038093
802926603
802902007
802893212
802864446
802797238
802561733
802501349
802494643
802354643
802270508
802265556
802064787
801932626
801930371
801821311
801737778
801576078
801478186
801464182
801349139
801322683
801217649
801093025
800998349
800901945
800809205
800748138
800732766
800469001
800457710
800447219
800319797
800315840
800150391
800132414
800111886
800104549
800087809
800083564
799842430
799791219
799717145
799508880
799496537
799373213
799293756
799259911
799151254
799138628
798927964
798683165
798536667
798509800
798317154
798027235
798015888
798006933
797955030
797448373
797169023
796865764
796665643
796614625
796569053
796483160
796391076
796344152
796264683
796256946
795881697
795840191
795611370
795509362
795359807
795355274
795118847
795077045
794704515
794440771
794295921
794217017
794104446
793998842
793943903
793924735
793841695
793663283
793542252
793434746
793198834
792934734
792873111
792858703
792582094
792580536
792550116
792043943
791926727
791491165
791468761
791434243
791355529
791322246
791124000
791120579
790952368
790906031
790808849
790782156
790723554
790599992
790593342
790295086
790262633
790261004
790260010
790101159
790008448
789999305
789873549
789870564
789742260
789652544
789637753
789594366
789491672
789334754
789319093
789061975
788928541
788809325
788773251
788714155
788638330
788613411
788526873
788368704
788278658
788107878
788080805
788048136
787941098
787401405
787090650
786648612
786570803
786558063
786462310
786397710
786381989
786374970
786314706
786303537
786271217
786237034
786145360
786000328
785937819
785931023
785782144
785724225
785666994
785621145
785518920
785202424
785199202
784945720
784881177
784826110
784772146
784763103
784092692
783388027
783000292
782861694
782689757
782687063
782655584
782497300
782427825
782219473
782215580
781908485
781859590
781468514
780888310
780880887
780690520
780321851
780272222
780001751
779926238
779891871
779835161
779620163
779473173
779302316
778678617
778599076
778588104
778525385
778525384
778505803
778437942
778314035
777928351
777496381
777485601
777474897
777408285
777393811
776958533
776955287
776775324
776657104
776402559
776258223
775790001
775493775
775419904
775185538
775164639
775095128
775049893
775033683
774978169
774945954
774849708
774834678
774767929
774749732
774574573
774390964
774050405
774019396
773981197
773894826
773794039
773684864
773680886
773614986
773506096
773276518
773250603
773193932
773158057
772997308
772772288
772735729
772704756
772582059
772191323
772181134
771869365
771747706
771699467
771637335
771566638
771185721
771064548
770881988
770805071
770684634
770645554
770590334
770446131
770030808
770016084
769862567
769859068
769838624
769753962
769624639
769597672
769507981
769494046
769249259
769134602
768859802
768848335
768649082
768596129
768461735
768454660
768399499
768391667
768388151
768331168
768059046
768050052
767894509
767362315
767342114
767331690
767109938
766933153
766841058
766345421
766225949
766000725
765979095
765926725
765849866
765794043
765783383
765668118
765636282
765551940
765427569
765330391
765240204
765200887
765063598
765050292
764848443
764827763
764812143
764551659
764541597
764526914
764378548
764355810
764161029
764072353
764004000
763992830
763838978
763775895
763692582
763640016
763495754
763448804
763383752
763309319
763183693
763160020
763149951
763022079
762947987
762800520
762770878
762499457
762452762
762285636
761984187
761976960
761802045
761704690
761534751
761434939
761361081
761360884
761112637
761100567
760856598
760836065
760828276
760757112
760740023
760636682
760584855
760518711
760439156
760385570
760035862
759913344
759899693
759880661
759874916
759858971
759835452
759746091
759608855
759477488
758954961
758769813
758610627
758588971
758376369
758235064
758168740
758045288
758004932
757587457
757201716
756929602
756927080
756816667
756753317
756590190
756566174
756511039
756499886
756336341
756321210
756077275
755922874
755885239
755864098
755611673
755571444
755328622
755286423
755272568
755269248
755263090
755127615
755103487
754942488
754789050
754762345
754708373
754582216
754509416
754505113
754486369
754333492
754103659
754073500
753881328
753778153
753753298
753718185
753423032
753297130
753188702
753137431
753102142
752991981
752777565
752414604
752320261
752290494
751926582
751838781
751808233
751569486
751547554
751545567
751403285
751257484
751255211
751020647
750766174
750752265
750711710
750388342
750263856
749986271
749863323
749811195
749556541
749405552
749382586
749382338
749150810
748889701
748641787
748530357
748498006
748451190
747981836
747899313
747791319
747256565
747088558
746855814
746658121
746590538
746420049
746336311
745878724
745816955
745783660
745719281
745710810
745659995
745522220
745452432
745364951
745273828
745247670
745196409
745126751
745054177
745043840
744958146
744930369
744845060
744729666
744658953
744583812
744527001
744432692
744295866
744186541
744172690
744167576
744098091
744082519
744038494
743920920
743389213
743291245
743266260
743236692
743066693
742801839
742795149
742710377
742678470
742526175
742523505
742518985
742460611
742400707
742385810
742160694
742123338
741871271
741776859
741555004
741513206
741218964
741126271
741114061
740675727
740614299
740524219
740409546
740404436
740260212
740221458
739971876
739941300
739817350
739762300
739692324
739643582
739633620
739624381
739489062
739419748
739290793
739097561
739075527
739024737
738789780
738646960
738425634
738053661
737798980
737775854
737532496
737495319
737490998
737423241
737379289
737233534
737152477
737056859
736787455
736421509
736025982
735886334
735836331
735526353
735458305
735442882
735087666
735066934
734963766
734952186
734932928
734675076
734642962
734581045
734472567
734391512
734342844
734103398
734038676
733958674
733910840
733711220
733597965
733227475
733056458
732949284
732882657
732878128
732810122
732756291
732700305
732690685
732547954
732479180
732420152
732249977
732189327
732060830
731672709
731551490
731423291
731401127
730802415
730715059
730683012
730494466
730466799
730443249
730338144
730299793
730242408
730234364
730191328
730106058
730026897
730005416
729967647
729941692
729851788
729357506
729247126
729217848
729144192
729130953
729098246
728946641
728920581
728502471
728381752
728362802
728243572
727982628
727823923
727806164
727579151
727530382
727463246
727292248
727141534
727100142
726565328
726541406
726509412
726478120
726401651
726236064
726039006
725915636
725793311
725712142
725563571
725276151
725103438
725093542
724774604
724510634
724464274
724443077
724438644
724321495
724163072
724152673
724086596
724013700
723981462
723910109
723866017
723821179
723798394
723724312
723707336
723420665
723366119
723308971
722969072
722760902
722654884
722555580
722535534
722417316
722269675
722175883
722011239
721990439
721839580
721802870
721743816
721705401
721654487
721638482
721605881
721396774
721360543
721130967
720976693
720931047
720684877
720371203
720234054
720115289
719658622
719643973
719513832
719396550
719381256
719035774
718865259
718777947
718515643
718498705
718386674
718312569
718273736
718182267
718171203
717956595
717814223
717686627
717637241
717369781
717255413
717221387
716870217
716841572
716775963
716548391
716538744
716505347
716495745
716318450
716284074
716002749
715590650
715447169
715053870
715048055
714939128
714822757
714707858
714702482
714670966
714646423
714484079
714478466
714349134
714199381
714188036
714169119
714058397
714010736
713675663
713552656
713502197
713333483
713321027
713135945
712990083
712893002
712703775
712696615
712245374
711989791
711964293
711879204
711737940
711600287
711550888
711420396
710986463
710907412
710821032
710768593
710759535
710668034
710173900
710148309
710144939
709927415
709892013
709854436
709711328
709686251
709611994
709517828
709289674
709194842
709169015
709125721
708844150
708774889
708624408
708615444
708609887
708555946
708448482
708394872
708311008
708092437
707762817
707601620
707523835
707378345
707273720
706998090
706987930
706891403
706836844
706727452
706493021
706464279
706178270
706129209
705793475
705616043
705530077
705527604
705503530
705385181
705294897
705250569
705133420
704849747
704630535
704622484
704268620
703884548
703721718
703659359
703530074
703346526
703277533
703109729
702991442
702884115
702826458
702826389
702736899
702705978
702698787
702694511
702642284
702623979
702568746
702510562
702319829
702192669
702127892
701921925
701905094
701806560
701688460
701354903
701293457
701211170
701095457
701048867
700977807
700713670
700595543
700548552
700406564
700363063
700335161
699966965
699896761
699764765
699723656
699581402
699562154
699341831
699226137
699151889
698838979
698822083
698754156
698351210
698184440
698039731
698031712
697935953
697753409
697704350
697685224
697637743
697266908
697027219
696941657
696788752
696639589
696405746
696098006
696074111
695985844
695828210
695790951
695734161
695608375
695587466
695579677
695426501
695226835
695189811
695009663
694953225
694935501
694882703
694632991
694606698
694376704
694293053
694162179
694118684
694116595
694034719
694001649
693999407
693885531
693663607
693587286
693584926
693267009
692997640
692953666
692863883
692638728
692331433
692313317
692288420
692208561
692122550
692063382
692054036
692013911
691992893
691699756
691597156
691430831
691348130
691333894
691262636
691149711
691082628
691075028
691063510
690948873
690740397
690415450
690278208
690104117
689911727
689762837
689674429
689385221
689270335
689261210
689200553
689187398
688864988
688826562
688609837
688546986
688487703
688157919
688140359
687944468
687782926
687663583
687543071
687425007
687377426
687374429
687218197
687207277
686931882
686877301
686697193
686497337
686315213
686285612
686048037
685806999
685790657
685729240
685703045
685641819
685470342
685392646
685390584
685352003
685342488
685100129
684998276
684977700
684771789
684620091
684460739
684252869
683980201
683969794
683945241
683781986
683437459
683359889
683094504
682444049
682290765
682198418
682191931
682002593
681961584
681923952
681867567
681731824
681423450
681386770
681271018
681141925
681039833
680823091
680718968
680492597
680485934
680438764
680136437
679975664
679887864
679207142
679150218
679132064
679087282
678902220
678784047
678756006
678726039
678705049
678473245
677851040
677850625
677795286
677688673
677413550
677357316
677199272
677174413
677079550
677015093
677013602
677000793
676983495
676893190
676865814
676742245
676547565
676496663
676424400
676237967
676228296
676221882
676171703
675738365
675495965
675410928
675042595
674711309
674360837
674338836
674301524
674281011
674219792
674211394
673859906
673645250
673612611
673490889
673465880
673428488
673274490
673268605
673238030
673013177
672832520
672633098
672272983
672166322
672121186
671914044
671799593
671485733
671348228
671259413
671254053
671226879
671217114
671041890
670886028
670854259
670835790
670811417
670763090
670634196
670616927
670532325
670461919
670402633
670310872
670239955
670030690
669924510
669878691
669674946
669642533
669587968
669541884
669530391
669462105
669432201
669214551
669181168
669054378
669038508
668772479
668667650
668664719
668564188
668518675
668399115
668367613
668210805
668206142
668090877
668083576
668029122
667975654
667808561
667795481
667452720
667384132
667368091
667018205
666850928
666778868
666590720
666467653
666420795
666393201
666361121
666220012
666111815
665663187
665646526
665463048
665365104
665349157
665338670
665222589
665019971
664969616
664956775
664943096
664904517
664858645
664799029
664726522
664579086
664388503
664377435
664213902
664185528
664142555
664036393
663947429
663511860
663506544
663267309
662961995
662956053
662921893
662890823
662637297
662625798
662557880
662526780
662396585
662289152
662065049
662030197
661999499
661889724
661335311
661266430
661247342
661058398
660843549
660817657
660794884
660681506
660659643
660648843
660412344
660393742
660118178
660079350
660051986
659785107
659784959
659753244
659673057
659524763
659001307
658988298
658875511
658581579
658580028
658565743
658537287
658348741
658240442
658103995
658084433
658064507
658048736
657849103
657768327
657658072
657390987
657179955
657057143
656951741
656947393
656704199
656509077
656504057
656427379
656319741
656188940
655935328
655781914
655761758
655643592
655635903
655630690
655605264
655330515
655053016
654810569
654740666
654734188
654652564
654362967
654353403
654332420
654097066
653888493
653858450
653819603
653777086
653574979
653470409
653442091
653372919
653312225
653166558
653090333
653073240
652767853
652467291
652429830
652378288
652355416
652355187
652230866
652129237
651907176
651623239
651528018
651162236
651094745
651025338
650258503
650202984
649926691
649718585
649672162
649648489
649556345
649506302
649478127
649324632
649210584
649174684
648636697
648487209
648375108
648245559
648023514
647903702
647800356
647733650
647518137
647500358
647436681
647415388
647376831
647224925
646841039
646813672
646783044
646686123
646627044
646514782
646421118
646388705
646162888
645941420
645940060
645862433
645849927
645760996
645623395
645607156
645430359
645181714
645109779
645088340
645038747
644782211
644766283
644576756
644467278
644447945
644413699
644318259
644295394
644195568
644138465
644085096
644005832
643966169
643820672
643691363
643648485
643454023
643447584
643337649
643317892
643088790
643083886
642933686
642878241
642871958
642647411
642391393
642286886
641818137
641633036
641580786
641429142
641043140
641027558
640952499
640836939
640816934
640715693
640685047
640596386
640394090
640113018
639987661
639862588
639838838
639769231
639610352
639495068
639484596
639328018
639320315
639141058
639085437
639079956
639052371
639039759
638755123
638717743
638634131
638352558
637932201
637791673
637733533
637660099
637578359
636659290
636195829
636126052
636106973
636031009
635718007
635611529
635594611
635348843
635281463
635234905
635233164
635211435
634498479
634301779
634223331
634063523
634062994
633901105
633886607
633832385
633808036
633660262
633635188
633574688
633501691
633350746
633239153
633209692
633161701
633153552
633108201
633070375
632964464
632625781
632601463
632349742
632292279
632021664
632009228
631963011
631902757
631826133
631712269
631528421
631453266
631427473
631233618
631144555
631112696
630782906
630780953
630660640
630632380
630035411
629977660
629919500
629712640
629642049
629634849
629505247
629455715
628958629
628679165
628664344
628438240
628434780
628188181
628158294
628079540
627920072
627808000
627689350
627592266
627587141
627583851
627453110
627434117
627279073
627245280
627157348
627126068
627080714
627058131
627039764
627005271
626841070
626786992
626760455
626742883
626431915
626285380
626139360
625774873
625746301
625561337
625547170
625313852
625299033
625202459
625152736
625058000
624771711
624633658
624350710
624292356
623931062
623840018
623377838
623251470
623101741
622910021
622758078
622528559
622193763
622182107
622146865
622029514
621973907
621911062
621389129
621183165
621157331
621001165
620894836
620704261
620529310
620513596
620358572
620239975
620198282
620182088
619791192
619567120
619485902
619431969
619402070
619088478
619044965
618955451
618650486
618570722
618508892
618399906
617957993
617770805
617764346
617641649
617552949
617413943
617300586
617106344
617034028
616954158
616936831
616909927
616601459
616290565
615907146
615852749
615744645
615603978
615583636
615459538
615380482
615304603
615274105
615232126
615180458
614909898
614799241
614757700
614672251
614241391
614108187
613880434
613853322
613782048
613623258
613493953
613480772
613430493
613421898
613297405
613263186
613146565
613043546
613023262
613018365
612941396
612858425
612818978
612813625
612746085
612717914
612506492
612387262
612370916
612318473
612115364
612079611
611983092
611927672
611872711
611695657
611508575
611278936
611159715
611134434
611017570
610809364
610196129
610176214
610128121
610127215
610029061
609966703
609822631
609817974
609696726
609673010
609663554
609375262
609212095
609181014
609090630
609021538
608922323
608473757
608209105
607941866
607859646
607782563
607756432
607329013
607080862
606975722
606519135
606341633
606213971
606201796
606094519
605895588
605808299
605490753
605394153
605219561
605166306
605081379
604899098
604819815
604772047
604612205
604487284
604167666
604048012
603970096
603921381
603767619
603718162
603668191
603584383
603492620
603490968
603139930
603099190
603059843
602998787
602947310
602900191
602845598
602774675
602687940
602605572
602437780
602426901
602170140
602169045
602008094
601957850
601935971
601503513
601242234
601172200
601118279
600944181
600935662
600888781
600765060
600744994
600687800
600647403
600608940
600580381
600536013
600217215
600211783
600102927
600085296
600033899
600008008
599918834
599741945
599661376
599621530
599288806
599193620
599156092
599090269
599066134
598850758
598726414
598699421
598675948
598671130
598320368
598284204
598202043
598117244
597932239
597716913
597560182
597510968
597406545
597124389
597084426
596980370
596901040
596888915
596723569
596587819
596426880
596418741
596351378
596312870
596262856
595951963
595804741
595736108
595530329
595368101
595171233
595116214
595100833
594834964
594756477
594597658
594397559
594377162
594168489
594106336
594084866
593916377
593744038
593661007
593430199
593415094
593148824
592938405
592879917
592714052
592670699
592633690
592517231
592426108
592185940
592180781
592104099
591849438
591803396
591691445
591685108
591667085
591553284
591435041
591389756
591356538
591320652
591181606
591061927
590814684
590753934
590718794
590574585
590547054
590535871
590458704
589736997
589638347
589564362
589534017
589488595
589471363
589423417
589313368
589284735
589192005
589073720
589040938
588961955
588833611
588660428
588316370
588178117
588122894
587869281
587737354
587292589
587276675
587185159
587088526
587024961
586997627
586990083
586822158
586629685
586383419
586377775
586204323
586129051
586115533
586007440
585933794
585300194
585200727
585174405
584931610
584887344
584751650
584708859
584457603
584242201
584092237
584016025
583960668
583768062
583765241
583625105
583421040
583267946
582871335
582839612
582528105
582443972
582163924
581987841
581906977
581711741
581559663
581513218
581508689
581414061
580864283
580849735
580751065
580737375
580416278
580207230
580205832
579689594
579666230
579592028
579565686
578804176
578693266
578610041
578121907
577864389
577731773
577709270
577531569
577387593
577265125
577167350
577126986
577019754
576936543
576925514
576899923
576882701
576872417
576830058
576765848
576229170
576051442
575928542
575580552
575172330
575166292
574763944
574747546
574551893
574545994
574376592
574290172
574143467
574125746
574038937
573863315
573828482
573803404
573734444
573731651
573486235
573319697
573019112
572781869
572470852
572432534
572410997
572269575
572131697
572073410
572029700
571719989
571646786
571533076
571440203
571245730
571175669
571153753
571136624
571003936
570964090
570857526
570744597
570454318
570155808
570088769
569545672
569360213
569348933
569013420
568379936
568296306
568263504
568171349
567817562
567622636
567456867
567410048
567318597
567266936
567140580
567018967
566903734
566771121
566505757
566491193
566409534
566093456
565874913
565822209
565807511
565674785
565672432
565273415
565260626
564986549
564975591
564778862
564715819
564671023
564601424
564531163
564367708
564213729
564175690
563818499
563745628
563647853
563646221
563546860
563514832
563416416
563341705
563256038
563096316
563089748
563064662
563029322
562556921
562468688
562444386
562265156
562145445
562047397
561836953
561832888
561712224
561625940
561463496
561316153
561301012
561160102
560770745
560609273
560419299
560250487
560187320
559957394
559890143
559721831
559708734
559536910
559417443
559316129
559314582
559206951
558845103
558807078
558805726
558802986
558644500
558641377
558022555
557892085
557762157
557753785
557651852
557549664
557422723
557409959
557337390
557276248
557202393
557154998
556847575
556648243
556629685
556628573
556430378
556389408
555829409
555788945
555775629
555688488
555517489
555516346
555472337
555431576
555373217
555355482
555226545
555217759
554755354
554595035
554379531
554324812
554279031
554169974
553942923
553931798
553626193
553378554
553349633
553300640
553256578
553191941
553087045
552876848
552808013
552785345
552780925
552517162
552480296
552450241
552299524
552195355
552145262
551672602
551642878
551419149
551390633
551356326
551251309
551160053
551038944
551030390
551028293
550905135
550831319
550701606
550623007
550584409
550391219
549985990
549890314
549810893
549794433
549708329
549698561
549612901
549573475
549442203
549342804
549341633
549097325
549072630
549012935
548923041
548843584
548841709
548758887
548737466
548544577
548423310
548413448
548214920
548200729
548198224
548194390
548092029
547944450
547921951
547858697
547691521
547458121
547413228
547318573
547284466
547075692
546961721
546815246
546725822
546724762
546469672
546334682
546293350
546193740
546093985
545968128
545835302
545744365
545736005
545698689
545662311
545653269
545641711
545545433
545426443
545365037
545342959
545289054
545259796
545149649
545147458
545013035
544981514
544945600
544712922
544389388
544386289
543763974
543696679
543657924
543655882
543539482
543409325
543320777
543308027
543296039
543002398
542831999
542824033
542806939
542600104
542381535
542319174
542279773
542235456
542176233
542121114
542006682
541848417
541836040
541747012
541598234
541272739
541122668
540980201
540937345
540839514
540814740
540724393
540586089
540575028
540538935
540429904
540324826
539835170
539658987
539590575
539389668
539325685
539319707
539312782
539126841
539045816
539029190
538991774
538973985
538782464
538763556
538762424
538719550
538666674
538660571
537942230
537912607
537866793
537862789
537840419
537693381
537494055
537451231
537401009
537297138
536914067
536782380
536710540
536702326
536701219
536632770
536378942
536202456
535970747
535963238
535922644
535835547
535701206
535575602
535525940
535420077
535194188
535121277
534989145
534835664
534787458
534752631
534747496
534728618
534613328
534594599
534582839
534360949
534219487
533717894
533456724
533323004
532812541
532802359
532414723
532407431
532398622
532160622
531899960
531854151
531825689
531737095
531577649
531503099
531468008
531385941
531279804
531222648
530931686
530842878
530607735
530533660
530491065
530375235
530306211
530235960
529993037
529922886
529877124
529816056
529635076
529365718
529229259
529111006
529032476
529007054
528787856
528613231
528584218
528558898
528402180
528380757
528107860
528006580
527802506
527775208
527741495
527644001
527351875
527127322
526977224
526795986
526791507
526697844
526422773
526265754
526235747
526157543
526153058
526019217
525788875
525645406
525533581
525332011
525185350
525146680
525066605
524903220
524781088
524723808
524672715
524612038
524503299
524496955
524284142
524210413
524076042
524038310
523908100
523880388
523793021
523770210
523664469
523524221
523377499
523226327
523133921
523120638
522912345
522835726
522785426
522740508
522645871
522512487
522350068
522249757
522184956
522099761
521945535
521830759
521821641
521749527
521665042
521184487
521116908
521111993
520938575
520889027
520847565
520838921
520829568
520515546
520455965
520371601
520241476
520203104
520120231
520080438
519551480
519533594
519509902
519493983
519466954
519292823
519098109
518598330
518355226
518293321
517935880
517611905
517461069
517405326
517389976
517225495
517210907
517199671
517194278
517067218
516897249
516876041
516721299
516261936
516238550
516090330
516047343
515922479
515637128
515483751
515290384
515257153
515212396
515009676
514938018
514932424
514717074
514621753
514597571
514565569
514185689
514175437
514134378
514069011
513747319
513732971
513699346
513634199
513568068
513393764
513348343
513324975
513213317
513159180
513121527
513116792
513089458
513061836
512831319
512684888
512616009
512488933
512308456
512146457
512073107
511946374
511919573
511869419
511755369
511639539
511555391
511499805
511243192
511206068
511126881
511077616
511047631
510950899
510917864
510818364
510444714
510391516
510382069
510256521
510216924
510085549
510016402
509819110
509790307
509738984
509666996
509513167
509331336
509248638
509207247
509175837
509149765
509003218
508990719
508976875
508731525
508600850
508580704
508575716
508540668
508354738
508296793
508215264
508131373
507981833
507896613
507687181
507640309
507639891
507616310
507552045
507218259
506904599
506882784
506823073
506772840
506637501
506499709
506397747
506189627
506074203
506064767
505976489
505972173
505931478
505816122
505774050
505751542
505693630
505614145
505423395
505406969
505360228
505222931
505201189
505197210
505195080
505139067
504523212
503975683
503956238
503816014
503796720
503588203
503456213
503454952
503364992
503335735
503268151
503220855
503173269
503016974
502906194
502856113
502740245
502607579
502558703
502486813
502399544
502262708
502172881
501923428
501796352
501657317
501648847
501645375
501628922
501624697
501605902
501603827
501347648
500801393
500772818
500764554
500741360
500683468
500663805
500442628
499981246
499946459
499921433
499912082
499703100
499540924
499211154
499130874
499061050
498961252
498913298
498639728
498436849
498379332
498202865
498187924
498137965
498020670
497711018
497542360
497402853
497354470
497224261
497155602
497110566
496914894
496890211
496887945
496832668
496369373
496311012
496113178
495969233
495713617
495686915
495678778
495670100
495561551
495355320
495107618
495011727
494850760
494716849
494544170
494270657
494249454
494223593
494100231
494008241
493567237
493542745
493086051
493056048
492992152
492848352
492615551
492579064
492529499
492458428
492357283
492301736
492261837
492226460
492148765
492133252
492027839
491956464
491608786
491480086
491344688
491193244
491067901
490644766
490482109
490393501
490224898
490203010
490202404
490164898
490152747
490041449
490015641
489956525
489773312
489613187
489150896
488799943
488792489
488719465
488464423
488425119
488391613
488300326
488140757
488032258
488015791
487749912
487579923
487564445
487470135
487335796
487210093
487023355
487001656
487000133
486736389
486643127
486472985
486269445
485922022
485550868
485519997
485480681
485474170
485352425
485322272
485217523
485146229
485104244
484497970
484317570
484188240
484045737
484019013
484015314
483960872
483847800
483621161
483580496
483500142
483414619
483411465
483363198
482888916
482771402
482687151
482629341
482439764
482401684
482294355
482237472
482229195
481206844
481135917
481003047
480993723
480811265
480803162
480799613
480682387
480632692
480163947
480160332
480142562
480042794
479849159
479806367
479428919
479382656
479356043
479247314
479207709
479079678
478382305
478223499
478213699
478212092
478097290
477982675
477850004
477801714
477673209
477551418
477458752
477119732
477088075
476499760
476467157
476372129
476334856
475867442
475789690
475662281
475639882
475555981
475550444
475414677
475395633
475246538
474694278
474659772
474465060
474160358
474073794
473968272
473900165
473506560
473503673
473374913
473367357
473260187
472998486
472975561
472920037
472901632
472654241
472551929
472336018
472311624
472085492
471816804
471793015
471678528
471407352
471292016
471225607
471139260
470991409
470961338
470935418
470923553
470838923
470768953
470418531
470272442
470201101
469910250
469541435
469499922
469479897
469254939
469231468
469223243
469218045
469164686
469131756
469095212
469049501
468993905
468941643
468413742
468391555
468274986
468165203
468133858
468063349
468006131
467985408
467958525
467837734
467773957
467301374
467253287
467250792
467162174
467055256
467033646
466911782
466734212
466641462
466627035
466586700
466482808
466471466
466409751
466122935
465865015
465745243
465712601
465594144
465441328
465428076
465203588
465162782
465118964
465060462
465046021
465029383
464508870
464445967
464213834
464199024
464095789
463769988
463769830
463755389
463340431
463248049
462658995
462575185
462429854
462271397
462044925
461985155
461928500
461923052
461866027
461815647
461656787
461503921
461311555
461154014
461035702
460835355
460764497
460755266
460751538
460550885
460421433
460102859
459794949
459504146
458966747
458948344
458943820
458786448
458767737
458757778
458616151
458591062
458316265
458310853
458188567
458185786
458182031
458161391
457908193
457901840
457891938
457731225
457439175
457378492
457360065
457304821
457176206
457091277
456968962
456953203
456846413
456822132
456782812
456620551
456465730
456340244
456284958
456149508
456119566
456089785
455959983
455933500
455918745
455737269
455724677
455472880
455436967
455345245
455327530
455305549
455162834
454832884
454806202
454765728
454675133
454646927
454532173
454154121
454098405
453819967
453655541
453526735
453276082
453206128
453191895
453103845
453088081
453079031
453026259
452953212
452849107
452648565
452566410
452491005
452083404
451854783
451848723
451774124
451765290
451750012
451713421
451673519
451482542
451196195
451029884
450839694
450839672
450756881
450568021
450332580
449987077
449876601
449776119
449692635
449664330
449419235
449297791
449059036
448807987
448772592
448698912
448666310
448568608
448461719
448215053
448176217
447962430
447639375
447589834
447556200
447298629
447259701
447230427
447218850
447146902
446984624
446917741
446861996
446780397
446678287
446590318
446513657
446499944
446379689
446270024
446215440
446108225
445941218
445850563
445816878
445802519
445743345
445496921
445270214
445228778
444953374
444829554
444804954
444776399
444698755
444584599
444538157
444506371
444342091
443975926
443685673
443650164
443590594
443561446
443478575
443189072
443135740
443014555
442946791
442858445
442821994
442816389
442807706
442479819
442419142
442205135
442069055
441220715
441170542
440998709
440603300
440484259
440323227
440147313
440141544
440098588
439756814
439720609
439572650
439494311
439422937
439260950
439153218
439121370
439110449
438940492
438805909
438780687
438114253
437987682
437833436
437731184
437621906
437594586
437570207
437500960
437490489
437393691
437346894
437331616
437124164
437038490
436932452
436891096
436676631
436137338
436112946
435606168
435543437
434798284
434713920
434690990
434673507
434436445
433651095
433465171
433353617
433220945
432903716
432868344
432719623
432704755
432630962
432336163
432314109
431874840
431813385
431789527
431674309
431585574
431551295
431304802
431273813
430954604
430953727
430840470
430659825
430174399
430009136
429854604
429531990
429525765
429248807
428843126
428725769
428692144
428625128
428416753
428312258
428256055
428207760
428205163
428159361
428017735
427753808
427684753
427682720
427598499
427360902
427347398
427210734
427119640
427065309
427027092
426996254
426992340
426911500
426840544
426713621
426598225
426418627
426384142
426237398
426094417
426039094
425929181
425829314
425778479
425676434
425229766
425207296
425104163
425053875
425019476
424903961
424859166
424785210
424696064
424630796
424507860
424503576
424501758
424431371
424369760
424242634
424108741
423949592
423912187
423256521
423232452
422980661
422965124
422758485
422673667
422661906
422500050
422437176
422339719
422263822
422151722
421997083
421898847
421890087
421718567
421668712
421662190
421421561
421390106
421325058
420686882
420683199
420555122
420548983
420260815
420233097
420049477
419960302
419831400
419482152
419349325
419144665
419134351
419130590
418961782
418848266
418796414
418780394
418595336
418343734
418318047
418255691
417852447
417705092
417497509
417234212
416939820
416773286
416727359
416502439
416309175
416197106
416064395
416010616
415659191
415593531
415386688
415384306
415361939
415255724
415246381
415115077
415014180
414571782
414458698
414412100
414307158
414249255
413926084
413915694
413842415
413587185
413490316
413463275
413375268
413007112
412926685
412825472
412279918
412207313
412199600
412161198
411736924
411727308
411618843
411487161
411408708
411354610
411087651
411081474
411041665
411016279
410327632
410212191
410167762
410167351
409955653
409510737
409301883
409203628
409158308
409060707
408897908
408770018
408735642
408443134
408401191
408052535
408050211
408022873
407966784
407955723
407778919
407778881
407667629
407583167
407545815
407527746
407259929
407248426
407169369
407089567
407035402
406888718
406860795
406699557
406505316
406502674
406498772
406362728
406330815
406309968
406157878
405729138
405678556
405676037
405345965
405343220
405235714
405228663
405152957
404843316
404830492
404704584
404684472
404660946
404437439
404230952
404057666
403927406
403873262
403851127
403826757
403731415
403651921
403314248
403262500
403177202
403136435
402991035
402984793
402945606
402519335
402478797
402361211
402312426
402176305
402037680
402000821
401709291
401518537
401217675
401111145
401004883
400928476
400804421
400616146
400336843
400256445
400189416
400177763
399774373
399768832
399717687
399717218
399619439
399419435
399257386
399238087
399133511
399083956
398833893
398771150
398606657
398532306
398403834
398265784
398259689
397714431
397185806
397179567
397170013
397075567
397030579
396937343
396653998
396601212
396423139
396340520
396216524
396209571
396182653
395833603
395820783
395743314
395567437
395553949
395550480
395215337
394787033
394737838
394692316
394625821
394244018
394229239
394207856
394189942
394167161
393928863
393733522
393191893
393094850
393075081
392960046
392952487
392943950
392771844
392680236
392242472
392188231
391834675
391566643
391495929
391477006
391393702
391393224
391339614
391109256
391007522
390540771
390539588
390413110
390373234
390363077
390182569
390064191
389924296
389739545
389689489
389629353
389593509
389368788
389366980
389345019
389255711
389173017
389092808
388866385
388856587
388783507
388782488
388742843
388679166
388678972
388541192
388347929
388292398
388266796
388094506
388010281
387965938
387806161
387719438
387683247
387512010
387392783
387276360
387082189
387010405
386999752
386919639
386853799
386849454
386815193
386772634
386745511
386458447
386432136
386080645
385894253
385846136
385501515
385415371
385398915
385280206
385230844
385006873
384864962
384860331
384827743
384783614
384769490
384398605
384251656
383884212
383856952
383841148
383654522
383614027
383492553
383488248
383411396
383029884
382880950
382853813
382527026
382452471
382402332
381976319
381905414
381886588
381805362
381677170
381474584
381436933
381422338
381341423
381023569
380936534
380875337
380855020
380828095
380809984
380719276
380682748
380657940
380524889
380430268
380195788
380163794
379954694
379557946
379316893
379277610
379253809
379173796
379150797
378958440
378859273
378767977
378749748
378731555
378591318
378527759
377999973
377656131
377622593
377554844
377326323
377200681
376949905
375746755
375612688
375374657
374968772
374810465
374597802
374465676
374000635
373776741
373728050
373704389
373631582
373469332
373263290
373063262
372964447
372789142
372737167
372690350
372689138
372537555
372513304
372368824
372270364
372223249
372035670
371909872
371897236
371644374
371610097
371563049
371300180
371161367
371008108
371004669
370919926
370777101
370657015
370634780
370571551
370510298
369542375
369476593
369392101
369245296
368847771
368479297
368459079
368427962
368208909
367990656
367875424
367578077
367530342
367311632
367310782
367117017
367039875
366971829
366898225
366818011
366726376
366558716
366191446
365812998
365760107
365530870
365449503
365409784
365312649
365230747
365205559
365031407
365005844
364787409
364711887
364711429
364490252
364451456
364388296
364329193
363892253
363853009
363464854
363303285
363023869
362831087
362808885
362665402
362577285
362499397
362390944
362230055
362139927
361700084
361664752
361627602
361335270
361249580
361178201
361035932
361029448
360947322
360927399
360925811
360833643
360813901
360793148
360730740
360584495
360382531
360349843
360312950
360227847
360205041
360075816
359682046
359547227
359414273
359398598
359370769
359334364
359115991
358534279
358405532
358391858
358068749
358055335
357754594
357647767
357471764
357426771
357177133
357052268
356735467
356598042
356596278
356522014
356350795
356023326
356018633
355983743
355877739
355520965
355506178
355429284
355428267
355263035
355194582
355068055
355022167
354493448
354484455
354356007
354339692
354279993
354092528
353354534
353290444
353274854
353138510
353051341
352956867
352587872
352359278
352347121
352204764
352143574
352140178
352072526
352071184
351768723
351713923
351582779
351436562
351400778
351367806
351170552
351146494
351047603
350773555
350710667
350635829
350634420
350219870
350172323
350131387
350126374
350122503
350062825
349969998
349953729
349896543
349803780
349641176
349561497
349522445
349492793
349408544
349210367
349013603
348797256
348648606
348472731
348430108
348402223
348383976
348305192
347874810
347776435
347760281
347730283
347521967
347514685
347079007
347026437
347024690
347001685
346958862
346523420
346224811
346054131
345723840
345506585
345500540
345269333
345118359
345070293
345059594
345049865
345016474
344838588
344707545
344703039
344654298
344363696
344359458
344327941
344324440
344206350
343925681
343820865
343803217
343606066
343554842
343457952
343456649
343330749
343311804
343293807
343257518
343042063
342933991
342776895
342662742
342593364
342547772
342445305
342435019
342402068
342247014
342099174
341981342
341932089
341930278
341826433
341782817
341591652
341447688
341370296
341348048
341317174
341110027
340864172
340765325
340534184
340470885
340423855
339937571
339462365
339443278
339332837
339304660
339271793
339271548
339203009
339175659
339164749
338979342
338440946
338359742
338173004
338022194
337987787
337970847
337870508
337778195
337700786
337604330
337564303
337503258
337414578
337308520
337292319
337231508
336938084
336438568
336382744
336302421
335768250
335723023
335520717
335492994
335381459
335344263
335277744
335272455
335169415
334862344
334802443
334753328
334557834
334455250
334157469
334033865
333921135
333834724
333613615
333592491
333568591
333513447
333120185
333053571
332913981
332885689
332628630
332562265
332534873
332266977
332063310
332022775
331817526
331647986
331417011
331385311
331373718
330793817
330766298
330720465
330519853
330115302
330037460
329596746
329425207
329200770
328932294
328833687
328731643
328676208
328463307
328441403
328439982
328357191
328347495
328197279
328155060
328102597
328030217
327796985
327710918
327340518
327293275
327032630
326834090
326812740
326716898
326677797
326359212
326058540
325931919
325926977
325924680
325834488
325780001
325713670
325574252
325503587
325479018
325459491
325409299
325353393
325244860
325206512
324820371
324653873
324379197
324245580
324192181
323658072
323614195
323436097
323382552
323251990
323192781
323186342
323140326
322957386
322779662
322747224
322734224
322646714
322374380
322212368
322001667
321748445
321702783
321696729
321642095
321620229
321583157
321411877
321381487
321236947
320935614
320630228
320103625
320094109
319966389
319916031
319794550
319553529
319544547
319515394
319379732
318847804
318839188
318800281
318760435
318747453
318743262
318696410
318585910
318363336
318120884
318080116
318051306
317976627
317955132
317844965
317685413
317677687
317638879
317336959
317045871
316849022
316749748
316689136
316668115
316428623
315918363
315842152
315838629
315634897
315507573
315495463
315478760
315259923
315245655
315082102
315026896
314802091
314658568
314509154
314385933
314368764
314310237
313884869
313704387
313647720
313509393
313374688
313337569
313052812
313019822
312879527
312858724
312480132
312310506
312228985
312204145
312190338
311759101
311745452
311661056
311555998
311344426
311309809
311268942
311227613
311200886
311059887
310904874
310861309
310819824
310790463
310407407
310222417
310201450
309893329
309755989
309718515
309665773
309294082
309261324
309048858
308979197
308965771
308952086
308884478
308847256
308730980
308452687
308446488
308208035
308188884
307714618
307641850
307367138
307312365
307257126
307148896
306974679
306666202
306642905
306631531
306371835
306371415
306299429
306138571
306064200
306049053
306002997
305872442
305591632
305574241
305465460
305458973
305393896
305346828
305327885
305322020
305289913
304766932
304752768
304649104
304623482
303814509
303462829
303197995
303093589
303055444
302982282
302961056
302535285
302489016
302364101
302325123
302224348
302157968
301886276
301877186
301779738
301602930
301552317
301497645
301342898
301083174
301041969
300873871
300713821
300657133
300543633
300415951
300283299
300268523
300081817
299898631
299855620
299642360
299523399
299457786
299454259
299281929
299151959
299104605
299009268
298986664
298857118
298849425
298804463
298436130
298424942
298103862
298094857
298076719
297868656
297810075
297569947
297560764
297203544
296746387
296657427
296587972
296139456
296103481
296098690
296089688
295776378
295397254
295300525
295237722
295199335
294931123
294383983
294328077
294279846
294132250
294114713
293763327
293716847
293714188
293523268
293477360
293471055
293453147
293114326
293109556
293058750
292835155
292816387
292788979
292667463
292666089
292531464
292443163
292051291
292022671
291551487
291328146
291317548
291239108
291202738
290962286
290945412
290939360
290905480
290690240
290647114
290646149
290633074
290482239
290422307
290336327
290305021
290006723
289929742
289669141
289661907
289646522
289572560
289537478
289505727
289505351
289421920
289408000
289315143
289289241
289282009
288974591
288880664
288876828
288874623
288659970
288552643
288226965
288194181
288172255
288162617
288013791
287978883
287879599
287869325
287660383
287640513
287269528
286916672
286913793
286868044
286794734
286520462
286512205
286328506
286114335
286048201
285966564
285965682
285844265
285751063
285594577
285471940
285453900
285222408
285046085
284791938
284784835
284657522
284559484
284440692
284224756
284169191
283942452
283534800
283379757
283363698
283253537
283223178
283190916
283170781
283012303
282923269
282923009
282882213
282503727
282414987
282391376
282288223
282243718
281969875
281928438
281788190
281765757
281508563
281506729
281493949
281317427
281266603
281123551
281071990
281034120
280990629
280947133
280936887
280579170
280400518
280200246
280186228
280178358
280171236
280144859
280003677
279987340
279515749
279428751
279264656
278259854
278052444
278011583
277920033
277821315
277742800
277703237
277521893
276289363
276161040
275956126
275704742
275561772
275523653
275436754
275412501
275222585
275158854
275100398
275006760
274972113
274943792
274894970
274859229
274716277
274209950
274181298
274156069
274045594
273777519
273719040
273473393
273421150
273415926
273361024
273340150
273337437
273192224
273112324
273074841
272872207
272647671
272538911
272347763
272321706
272248758
272198584
272155151
272081218
272058310
272043310
272001069
271783859
271446926
271068392
271021268
270868301
270863495
270764571
270631479
270580976
270495674
270490617
270481514
270390959
270323649
270170330
270152546
269988533
269961683
269796582
269794862
269720229
269623337
269609862
269571131
269512887
269344875
269160578
269074517
269015957
268879017
268218163
268182412
268023482
267864385
267711111
267693454
267580740
267340803
267332186
267192508
267143672
267041754
267027406
266922529
266673816
266401268
266282249
266130076
265904915
265849798
265578886
265575453
265445682
265248793
265211490
265023210
264923863
264749715
264688370
264543755
264333554
264197080
264047820
263898310
263503178
263389917
263339008
262841043
262746086
262504657
262291724
262228745
262170733
262110915
261910425
261901243
261652483
261443392
261355828
261282506
260870885
260452393
260297196
260160805
260060960
259993168
259916630
259706199
259590189
259495417
259171685
259072646
259063464
258675659
258519932
258441314
258107420
258083271
258037687
257824485
257800934
257654271
257299545
257150159
257096517
256932569
256925383
256925278
256856497
256776426
256554402
256322038
256021940
255796622
255785841
255586487
255277520
255220232
255045535
254822100
254762635
254599238
254524433
254351500
254327114
254094811
253689355
253586181
253542784
253541852
253517615
253437810
253426466
253204985
253135284
253095389
253038453
253008433
252862583
252839309
252838369
252795693
252484236
252453082
252253931
252204221
252194949
252147414
251971729
251880551
251762594
251717106
251427141
251388231
251088072
251034876
250994394
250981541
250950123
250914547
249998161
249906774
249732035
249672464
249471542
249351381
249296015
249070647
248926430
248474167
248472122
248465762
248461935
248390087
248244752
248120892
248117928
248104750
248095911
247793345
247677261
247622985
247402156
247159951
247158918
247015709
247012155
247010728
246860769
246772978
246693163
246620105
246615836
246168946
246167880
246121208
246061752
245919873
245835394
245641570
245498360
245406569
245158419
244922142
244852004
244812010
244791976
244507913
244470280
244204721
244048991
243890506
243844458
243749110
243748310
243667405
243624665
243574517
243428727
243343306
243318896
243284800
243101977
242998618
242963431
242869966
242776776
242694671
242474066
242306976
242136320
241957369
241906047
241858805
241788257
241684482
241582317
241436589
241231113
240997681
240876705
240658191
240094114
240063780
240058235
240057773
240016955
239794577
239781778
239761828
239037592
238574739
238573171
238554545
238548531
238385769
238165822
237775300
237649965
237625607
237435801
237355246
237170484
237151661
237007894
236890645
236880723
236741785
236702465
236465016
236431622
236405874
236356234
236320881
236062576
236008917
235797051
235749922
235731217
235724046
235506283
235467727
235404734
235381997
235371630
235117622
234953017
234773667
234703188
234664221
234640113
234440895
234402456
234337710
234330975
234131064
234010419
233994291
233871402
233819812
233695791
233574889
233537088
233528979
233465078
233292816
233135221
233057106
232859472
232851774
232851192
232841311
232824701
232799529
232769993
232668450
232534060
232370385
232275026
232128282
232123294
231935399
231582557
231580509
231573726
231399981
231373451
231345132
231284339
231233788
230995944
230915607
230697707
230593740
230539237
230513198
230420469
230083054
230044372
229943978
229363878
229343874
229173462
228926898
228881613
228809171
228699292
228652047
228362995
228346336
228335370
228205321
227894530
227840929
227708341
227583259
227580613
227563863
227497655
227484449
227360351
227304288
227275694
227097806
227088961
227013919
226976278
226822553
226516709
226502594
226489548
226277290
226255656
226089218
225960231
225810843
225802046
225722749
225678257
225671778
225539936
225538842
225460258
225438098
225321987
225011078
224311087
224306469
224301195
224135763
224117203
223385372
223338512
223252400
223232070
223186238
223142278
223120400
222857727
222793484
222558436
222465516
222451648
222034591
221960395
221931050
221901744
221866759
221857122
221734893
221672603
221636937
221554370
221272484
221150379
221144609
221041076
221005440
220936772
220849531
220773218
220721085
220404632
220337105
220321142
220120332
219800726
219773485
219657780
219631766
219630713
219414173
219177773
219112908
219106510
218961366
218846998
218738607
218720161
218715152
218698844
218651388
218577240
218545365
218496390
218467762
217829590
217743390
217461832
217132630
217032121
216950619
216874839
216653014
216441075
216090645
215992464
215926712
215772047
215748226
215707395
215540231
215505451
215129505
215015669
214823432
214748138
214743946
214678267
214661881
214569830
214374851
214163117
214127723
214113441
214100503
213911141
213880127
213833601
213812209
213778795
213746222
213708950
213668589
213622876
213616473
213362099
213341872
212922274
212383353
212217903
212086581
212056982
211959036
211892399
211830474
211697455
211526870
211449902
211354358
211221772
211130576
211091754
210898386
210849624
210424145
210232454
210169537
209990784
209789799
209699965
209687806
209450575
209383414
209336820
209327856
209264962
209066109
209014254
209011638
208862058
208669322
208635422
208596854
208558993
208549844
208420452
208404441
208176194
208094665
208072600
207864016
207766161
207580936
207520845
207349784
207312087
207306688
207181808
207132934
207070830
207048467
206962445
206860443
206647926
206408689
206297011
206186632
206038211
206030984
205876564
205874090
205848114
205773553
205430446
205386575
205349464
205312789
205121256
205111744
205056990
204871525
204782860
204741434
204567344
204429510
203916486
203854792
203769614
203659623
203450986
203003391
202962168
202952634
202932743
202893148
202879920
202870380
202821864
202630716
202568641
202197486
202118758
201772324
201678910
201475341
201123217
201118180
201064190
200902476
200797834
200551685
200544644
200461960
200364420
200189562
200035337
199997032
199770386
199566710
199438070
199422672
199083155
199060813
198710771
198484673
198346463
197574257
197571134
197305573
197290844
197285483
197132425
196716837
196699560
196497453
196172866
196144941
196080028
196034561
195867449
195706218
195603758
195507059
195459476
195204579
195173930
194807858
194574585
194447934
194411447
194281946
194143610
194035795
193891811
193823408
193680506
193499222
193188863
193000957
192573843
192572492
192537331
192457848
192195172
192063393
192031340
191671473
191405200
191283997
191013472
190903829
190867706
190852168
190768818
190670915
190626342
190295054
189893443
189876218
189630892
189568263
189538283
189393977
189277831
189167153
189157042
189117987
189042806
188963122
188932636
188932472
188498445
188471085
188004531
187892996
187747915
187731998
187474592
187315235
187164104
187086284
187079919
187025938
186957180
186576299
186480278
186457669
186240474
186237507
185711313
185390771
185139366
185096023
185061488
184975827
184906399
184895419
184642188
184640742
184571667
184540392
184096067
183863709
183749368
183652068
183636320
183349890
183217558
183101226
182734311
182507372
182465930
182367268
182306930
182257204
182205760
182075995
182038879
182023581
181859880
181626603
181580112
181573091
181279210
181270139
181173270
181167956
181142658
181068394
181009257
180986342
180671999
180587705
180506933
180426961
180418760
180150072
180121770
180031575
179952089
179858202
179767290
179739079
179709288
179657335
179620573
179594219
179467095
179423261
179289239
179242651
179220573
178968789
178879618
178779007
178561739
178471097
178400658
178320272
178175607
178161666
177835536
177812739
177758110
177715505
177489835
176778455
176714388
176671166
176667936
176632955
176271501
176069350
176044310
175936608
175707954
175591570
175080422
174790558
174300278
174273736
174208241
174129460
174047969
173675196
173578065
173513699
173250973
173227446
172649211
172634489
172592436
172572681
172539783
172515177
172342718
172230312
172204403
172200783
172057432
171874503
171801889
171752042
171603012
171581514
171486641
171473620
171349518
171307444
171298387
171190849
171141601
171130417
171089088
170962568
170937018
170858038
170740271
170562506
170460768
170380762
170364468
170351963
170321907
170231064
170131946
170130806
170130052
170117324
170105532
170085005
170056827
169919887
169865706
169865267
169865265
169860871
169803274
169717208
169713483
169436885
169431675
169348202
169337156
169205811
168921650
168713053
168433635
168138090
168129357
168052914
167996860
167514402
167105301
167059491
167051879
166953493
166799160
166305902
166222118
166207917
166118587
165682076
165632175
165588847
165575536
165531920
165497782
165480655
165448379
165391720
165249600
165225485
165146645
164981427
164817046
164407978
164364811
164325636
164313388
163974173
163777786
163695833
163625075
163572225
163539368
163399399
163292233
163261963
163189746
163121898
163054565
163054026
162766489
162698196
162691995
162593746
162228567
161928838
161735566
161581848
161472139
161393951
161366550
161249798
161218073
161150530
161088719
161064767
160720319
160500758
160498020
160434064
160385520
160369593
160199818
160177971
160165338
160089121
159934923
159429162
159418613
159255187
159176414
158980923
158966582
158908420
158822151
158768498
158638603
158605610
158522805
158147453
158071720
158055084
157935378
157891705
157879297
157869445
157814812
157718987
157700084
157523847
157428769
157352736
157247597
157232747
157158590
157150085
156861187
156852677
156829269
156820020
156778988
156446701
156428799
156340128
156323856
156173474
156136747
156045179
155909685
155746935
155550355
155387472
155256310
155202735
154532923
154509969
154248108
154098958
154047020
153737586
153660027
153549159
153362113
153264918
153141583
153122185
152929130
152873251
152737006
152718180
152633161
152623725
152548741
152501656
152367495
152350872
151987830
151938672
151927065
151573676
151266400
151130920
151071768
150908281
150698379
150542850
150438034
150263333
150053720
149992471
149991428
149942420
149888878
149860203
149833133
149799304
149707641
149429062
149285850
149211945
148993303
148879970
148819666
148669731
148558559
148524411
148400472
148375264
148129934
147912891
147730193
147710654
147667495
147650494
147537014
147490460
147201662
147067219
147036739
147021462
146868597
146839252
146755846
146690784
146661024
146615286
146384430
146321235
146197125
146196157
145968329
145945258
145880820
145858081
145797606
145758015
145747928
145714584
145532879
145344105
145333564
145173653
144813685
144682415
144663836
144577302
144497911
144142976
144137273
143478943
143463705
143390923
143359398
143254619
143196651
143157161
143089189
142935869
142765376
142706644
142271999
142226161
142213037
142031431
141518298
141445116
141244098
141198074
141166362
140918752
140750733
140679020
140557596
140516828
140488471
140430111
140019045
139934024
139872063
139780539
139764194
139710701
139585866
139558435
139524330
139443241
139321357
139128475
139061481
139059948
139001567
138894104
138812618
138580450
138443057
138431889
138387615
138296587
138237327
138149712
138138753
138089132
137746266
137307960
137227803
137198237
137039965
136934320
136772018
136755488
136681178
136505889
136410537
136299256
136041897
135907974
135704867
135674828
135556184
135547587
135457846
135403339
135254780
135082038
135021838
134823444
134823131
134683309
134635380
134544095
134535336
134098059
133976957
133842379
133746345
133326832
133278331
133182275
133108735
133020582
133015635
132951424
132834082
132781277
132717688
131677516
131495926
131232900
131101946
130997456
130947525
130887229
130543973
130525863
130444982
130413355
130207211
130145198
129989235
129971435
129841237
129812707
129522926
129323432
129288186
129233959
129179070
129175290
129089616
128911727
128891051
128889326
128878910
128849125
128453384
128376610
128227266
128201388
128116723
128024537
127634168
127616630
127597653
127493655
127335929
127281439
127220061
127165388
127131402
127068727
127063452
126905675
126798862
126547535
126532532
126460293
126336983
126249748
126162579
126133830
125975364
125884296
125815508
125637398
125294951
124870201
124836119
124725854
124448428
124216663
124202192
123999511
123996320
123854777
123833401
123676303
123548050
123509061
123494989
123122402
123000388
122956510
122685649
122647518
122365472
121856801
121835540
121820447
121736928
121669946
121651867
121507803
121506176
121039568
120662368
120604685
120524594
120423461
120250794
120240109
120207697
119880218
119642481
119634753
119617256
119525404
119521488
119370606
119312431
119270695
119209655
119135199
118973127
118840192
118815501
118802352
118802188
118689234
118583910
118282949
118221998
117938789
117845938
117742522
117307658
117248129
117237544
117228369
116883990
116750443
116665452
116113077
115788140
115717017
115603442
115474782
115368157
115049532
114974985
114963174
114925535
114910450
114775903
114448586
114389397
114354190
114307302
114247519
114131563
114090677
113797073
113791076
113517516
113190195
113079342
113075827
112928168
112867494
112864601
112511067
112135082
112007409
111980183
111879811
111603962
111554695
111492163
111446315
111408720
111153585
111062258
110600902
110559486
110509134
110379712
110343447
110198096
110153783
110126334
109914665
109458004
109246025
109192288
109124451
109063025
108952833
108904863
108804517
108667494
108640910
108494775
108329656
108134947
108124062
108035804
107975795
107911184
107854263
107780729
107710258
107703188
107554592
107522925
107448487
107431397
106950783
106923153
106835778
106545088
106506523
106431355
106379694
106135773
106073193
105968438
105959581
105838800
105262587
105170666
105140518
105060982
104968665
104895217
104889987
104832031
104596609
104519800
104102182
104074030
104057776
103712025
103605306
103532317
103431527
103038280
102977014
102905962
102758659
102367919
102304798
102278827
101851833
101793498
101490726
101421397
101366035
101269646
100794118
100744623
100725354
100019000
99901289
99694308
99591870
99441073
99286886
99142334
99099342
98925698
98789660
98755910
98638918
98469634
98326652
98005805
97910284
97860756
97845502
97783660
97329138
97180856
97122645
97049051
96950446
96450211
96203010
95953963
95421231
95384760
95295135
95249344
95219029
95102050
94955923
94952836
94290475
94140144
94023938
94015233
93759310
93749363
93660754
93640163
93418883
93280358
93031544
93026540
92755951
92699457
92656901
92434836
92427623
92327402
92143270
92058661
91999160
91927384
91905116
91893404
91804233
91714513
91650107
91554460
91549273
91461456
91432511
91283000
91176305
91077328
91070318
91045288
91043547
90935746
90790562
90465096
90409191
90380957
90191430
90136365
90131771
90016089
89835621
89600257
89338750
89331582
89222436
89115419
89060892
88913005
88654981
88389993
88026446
88017084
88013024
87930300
87586359
87540839
87509345
87470555
87413570
87352306
87124508
87123630
87021842
86967378
86777502
86773656
86738358
86663282
86651555
86587268
86570922
86171848
85861610
85697536
85692875
85671121
85534965
85349806
85326537
85160872
85000794
84964603
84822650
84678506
84666923
84473456
84452600
84417907
84341669
84174870
83777906
83742104
83603438
83582874
83384737
83216743
83001017
82803711
82795300
82614960
82585122
82551281
82349460
82348337
82198322
82180713
82129714
82086529
82053451
81453862
81366089
81306910
80828770
80683034
80489142
80289832
80236994
80219584
80083251
79962581
79861332
79667361
79478875
79147752
79035518
78944966
78913301
78870852
78786867
78749222
78421679
78381500
78177959
78018881
77691354
77046039
77022381
76857241
76841982
76827957
76798859
76557539
76488701
76411416
76291173
76282520
76254277
76077090
76068003
75820026
75759241
75692386
75538228
75439383
75368369
75266591
74984976
74889408
74383654
74358589
74221227
74144993
74116600
73719487
73664605
73632399
73521721
73515304
73492962
73449977
73238232
73126519
73097658
72987536
72973803
72950433
72771205
72688530
72601446
72575198
72495731
72257443
72250387
72150071
72094419
71881788
71857437
71769236
71768932
71725751
71590863
71354771
70953222
70757333
70753126
70739741
70710833
70696299
70633529
70611349
70571138
70459844
70289242
70237563
69971211
69933621
69832243
69625811
69596807
69575872
69550893
69423572
69315777
69174959
69059038
68874590
68762084
68761528
68368042
68256990
68070937
67975397
67936857
67927096
67901077
67722810
67610836
67490264
67456450
67362118
67176525
66876421
66834903
66627832
66539849
66421257
66318574
66273347
66029898
65963106
65845901
65567491
65379253
65221673
65172810
65013386
64825914
64772202
64741569
64545131
64492913
64438871
64304838
64166803
63913361
63878555
63835341
63790656
63445549
63357068
63272629
63256848
63211330
63169790
63164329
62902433
62674314
62239490
62091435
62036449
61889648
61884443
61722871
60996766
60650079
60558169
60547422
60518392
60340939
60286108
60105154
60098421
60065490
59864939
59818476
59808143
59780185
59567647
59554034
59449208
59384757
59328147
59248203
59050838
58898482
58231264
58138822
58130980
58003514
57944026
57804273
57775691
57757614
57675457
57663952
57411971
57284599
57083237
56930716
56848494
56704322
56607193
56574750
56541367
56476871
56458334
56427469
56398145
56308245
56306490
56287465
56193560
56185038
56098319
55954551
55940017
55919542
55902418
55862297
55666017
55593785
55426955
55286498
55284314
55224592
55173124
55141054
55119938
54983973
54822651
54692950
54607859
54180295
53960106
53957910
53951837
53782782
53576864
53316327
53150781
53088709
53071593
53020270
52983983
52747883
52651972
52634590
52587544
52393647
52370345
52351739
52276569
51991247
51545302
51043498
50780126
50560317
50532942
50499017
50414040
50258324
50048431
49969599
49902182
49828002
49372233
49261299
49079271
49044762
48868330
48785620
48661469
48644098
48486543
48420240
48362965
48289854
48239224
47911541
47878188
47828352
47696015
47550729
47446570
47287531
47238048
46702227
46576968
46561834
46531181
46490677
46482262
46197744
46029050
45491274
45471603
45350444
45287314
45225268
45064687
45061206
44960486
44916395
44861026
44858041
44236298
44235195
44232655
43956074
43701767
43455834
42637533
42439928
42333161
42248358
42190822
42148781
42128763
42039277
41990169
41906379
41846863
41779445
41721962
41501582
41483108
40910186
40876032
40803332
40767974
40665795
40612544
40386272
40246754
40226961
40096242
40087183
40008957
39827024
39619440
39408505
39259715
39224270
39167194
38595463
38575362
38350649
38262385
38253449
38004466
37987773
37985696
37956527
37855337
37852691
37613018
37540064
37419736
37290028
37285017
37205465
36761063
36638103
36606437
36573150
36535737
36493806
36490179
36427754
36389280
36364895
36351449
36317303
35689245
35672259
35575879
35565845
35505903
35299669
35220506
35211581
35072826
34860823
34636479
34608859
34501880
34241845
34196360
33914884
33609300
33513813
33370101
33105569
32947674
32750167
32735102
32697037
32334380
32330601
31981627
31878597
31580519
31530659
31411414
31339100
31316524
31249065
31201944
31187572
31168324
30878751
30507498
30491384
30397077
30098561
29968301
29912317
29877747
29805229
29344216
29264636
29174597
28803289
28664280
28532061
28515366
28485554
28485533
28423053
28358177
28347435
28010649
27981970
27975727
27956075
27716783
27670443
27618076
27487506
27339045
27304078
27256954
27115423
27000793
26829641
26682755
26649654
26649204
26561808
26335679
26291276
25931822
25836494
25744886
25667400
25529258
25195531
24919202
24699464
24590427
24338318
24132414
24123209
24057955
23981499
23833942
23614327
23435189
23310053
22882734
22852439
22561092
21792645
21773701
21668547
21541640
21282158
21221636
20999073
20969440
20838895
20714503
20641240
20462689
20427831
20409832
20246265
20160325
20025737
20025677
19529509
19408471
19273824
18988109
18723910
18534175
18413297
18280035
17951655
17866827
17833419
17644420
17603950
17425612
17341107
17287076
17281647
17194354
17106855
16431238
16281749
16243385
16191262
15937195
15914893
15695218
15600609
15476846
15360685
15325265
14854407
14435746
14392015
14382757
14303564
14141516
14042469
14022261
13873888
13563066
13459353
13154777
13126017
12943970
12711849
12355659
12039526
11783905
11672511
11497193
11465305
11335101
11332792
11123349
10890416
10837568
10700514
10634770
10569408
9920565
9911728
9885794
9838061
9788599
9443311
9339780
9312522
9291233
9146183
8825318
8587862
8016119
7908329
7645219
7551280
7437814
7226007
7207283
7206845
6906544
6755599
6717924
6701608
6695661
6677485
6561274
6323502
6128112
6080405
5167836
5106447
4964465
4877813
4713469
4599843
4466237
4428321
4410313
4251890
4174408
3953997
3857211
3771281
3220679
3201991
3125152
2963080
2734084
2673139
2499289
2180666
2000403
1512314
1505588
1387851
1386738
1210793
1103256
1078974
1056182
1050006
985161
879703
866848
667679
588865
566219
367418
321784