502143468
948178887
403711725
180265656
834097920
467261382
144722777
943264300
957741508
8128839
185253962
942828968
464223767
940887153
344162415
464114672
28598492
355129666
84501382
611961455
735636108
698696427
297140391
546647790
756770620
750533591
30384348
36562852
514764441
653784608
19988855
470295522
413767321
608158712
495856692
720358590
677204175
893993632
97136389
594355087
955270031
806016226
718824013
216798428
739852164
315085417
429901886
951881420
412493350
186158137
782341977
259200614
616019143
859722575
564920318
186717231
567552616
217047673
162072440
919401370
989321399
962601211
313335220
348525480
556587869
164631475
995829990
962537837
670617838
744113702
485840716
604623620
191332441
423563182
444398820
497053051
584421584
717484075
865448899
646178796
523501822
794882806
236291633
869502913
797514572
460429524
776045747
120807536
129191575
778711130
455973916
203592302
449994182
170028568
613232683
447262710
266265012
611899059
302827028
896817793
954076804
756577632
906981019
904915629
221389694
854536185
407718651
523653398
244008911
591946698
168230996
624113590
174521002
965612694
620841587
819803664
961181718
862651311
712410276
977877715
403692123
70521601
848834980
791778670
866662098
803509939
576666103
718767796
801469469
986775580
280868057
629371377
563323965
568902504
775165948
389439780
121106004
165556381
224121229
400264
727328114
841443112
99864178
428967442
502407268
278201884
792021708
369985524
679719778
975711170
89811404
953024565
243384006
198698644
351733287
119015882
591584200
341074374
9933007
581190962
485293868
181655428
85274707
77278231
787622340
18700433
346894883
819709058
320835135
752857184
621292619
66232191
846541474
433260663
928416205
89901852
464911495
958136480
875845558
596377651
455661844
228104988
407629244
797651357
273357018
711930689
800912779
673718072
954431718
826309034
370763705
945605249
993319332
171994178
47312768
120927440
127761866
445971892
298777739
215568801
798370181
580733249
418806752
968679135
449985475
98497439
348329379
248817048
881226844
155114203
850620471
879009141
987860761
638246132
186846007
917340990
423097523
497555976
303288153
650021510
243736027
207390257
551667993
355148236
434976339
846389865
974362691
514923276
632043288
563148121
996075748
132109195
228659974
659883320
778020338
658074380
69657870
476541988
189245676
369520074
965676275
815649880
425286627
604769595
354666187
480705162
653332427
771672517
330816305
471485551
426861766
83933884
495324351
927718755
727458243
475911645
237411372
196508034
478332596
721777557
857907907
624075537
313923869
594734309
123041823
282926192
620896972
708847000
648273813
246998623
152461139
95376695
446386100
421599731
587073385
783374484
70552203
538501858
302471476
784960846
337374233
390381852
232352093
900867814
149347768
521528207
995802869
921051451
455893953
746777127
372669252
410611589
531682884
867957809
952487412
945402391
269800452
99799409
471243964
203827632
968231082
936489996
283527385
567847937
750434954
109664486
325171601
660979236
33984004
972494672
641978124
585240218
808500555
899407647
766064165
211025924
972886362
768068066
310151650
419895918
871518067
523595452
420472153
629887709
203943523
231949747
86504456
579870637
965643795
416745502
379102239
368444304
826446634
984595312
574011434
657478152
860875653
964445557
779301778
968959707
365374674
189912707
182036314
763643672
847451653
172502261
627163957
953322662
754733141
344783794
339440376
328086853
861645738
850856889
122177848
397501855
499266285
544420360
153948709
382706777
997489620
18820218
854839732
424094667
823892892
707490820
110304369
836156048
774438251
292701031
149655753
161156149
167476448
181902522
318299276
138349990
410625875
946603852
437367990
831050490
776792316
653530300
571924367
946646806
188399196
186898671
288436912
595027279
806476866
628587359
343222480
336070557
769259554
895795499
253932964
156418279
896786199
868006321
249857633
885331715
829590600
499900821
983400713
73227908
93538473
867098360
914526631
216476091
698441695
522419479
186230710
767933732
734993469
910411098
188264128
207505507
734896843
269938448
304675593
169231295
927323663
262977589
316044563
336545928
178752906
113586153
432927671
679942837
923409904
551942773
866288813
31879296
639095259
403689863
43400896
377091840
624845327
849129883
512341775
206890338
151163413
435289832
86711385
383529766
29670059
752361326
226922403
762249579
266682978
647389014
350996355
452092119
11237106
604504752
330346358
321674144
772916814
136425989
348536531
852641484
419328106
673417956
970606019
356342143
502862132
197734115
772123211
61498860
163391765
483344299
398601575
261847751
88391859
481137413
608034011
747193407
715325814
621684110
774650414
70795824
859408928
766672926
932550444
759408961
625870702
66504861
858214373
900791048
737828080
114290566
704567333
916644429
699264463
600094780
497842171
298659246
550207061
133610369
57851146
60020358
587256278
776828694
272781925
822518802
323947449
326938105
726379655
313663812
674737970
355248912
221535174
808209038