400264
8128839
9933007
11237106
18700433
18820218
19988855
28598492
29670059
30384348
31879296
33984004
36562852
43400896
47312768
57851146
60020358
61498860
66232191
66504861
69657870
70521601
70552203
70795824
73227908
77278231
83933884
84501382
85274707
86504456
86711385
88391859
89811404
89901852
93538473
95376695
97136389
98497439
99799409
99864178
109664486
110304369
113586153
114290566
119015882
120807536
120927440
121106004
122177848
123041823
127761866
129191575
132109195
133610369
136425989
138349990
144722777
149347768
149655753
151163413
152461139
153948709
155114203
156418279
161156149
162072440
163391765
164631475
165556381
167476448
168230996
169231295
170028568
171994178
172502261
174521002
178752906
180265656
181655428
181902522
182036314
185253962
186158137
186230710
186717231
186846007
186898671
188264128
188399196
189245676
189912707
191332441
196508034
197734115
198698644
203592302
203827632
203943523
206890338
207390257
207505507
211025924
215568801
216476091
216798428
217047673
221389694
221535174
224121229
226922403
228104988
228659974
231949747
232352093
236291633
237411372
243384006
243736027
244008911
246998623
248817048
249857633
253932964
259200614
261847751
262977589
266265012
266682978
269800452
269938448
272781925
273357018
278201884
280868057
282926192
283527385
288436912
292701031
297140391
298659246
298777739
302471476
302827028
303288153
304675593
310151650
313335220
313663812
313923869
315085417
316044563
318299276
320835135
321674144
323947449
325171601
326938105
328086853
330346358
330816305
336070557
336545928
337374233
339440376
341074374
343222480
344162415
344783794
346894883
348329379
348525480
348536531
350996355
351733287
354666187
355129666
355148236
355248912
356342143
365374674
368444304
369520074
369985524
370763705
372669252
377091840
379102239
382706777
383529766
389439780
390381852
397501855
398601575
403689863
403692123
403711725
407629244
407718651
410611589
410625875
412493350
413767321
416745502
418806752
419328106
419895918
420472153
421599731
423097523
423563182
424094667
425286627
426861766
428967442
429901886
432927671
433260663
434976339
435289832
437367990
444398820
445971892
446386100
447262710
449985475
449994182
452092119
455661844
455893953
455973916
460429524
464114672
464223767
464911495
467261382
470295522
471243964
471485551
475911645
476541988
478332596
480705162
481137413
483344299
485293868
485840716
495324351
495856692
497053051
497555976
497842171
499266285
499900821
502143468
502407268
502862132
512341775
514764441
514923276
521528207
522419479
523501822
523595452
523653398
531682884
538501858
544420360
546647790
550207061
551667993
551942773
556587869
563148121
563323965
564920318
567552616
567847937
568902504
571924367
574011434
576666103
579870637
580733249
581190962
584421584
585240218
587073385
587256278
591584200
591946698
594355087
594734309
595027279
596377651
600094780
604504752
604623620
604769595
608034011
608158712
611899059
611961455
613232683
616019143
620841587
620896972
621292619
621684110
624075537
624113590
624845327
625870702
627163957
628587359
629371377
629887709
632043288
638246132
639095259
641978124
646178796
647389014
648273813
650021510
653332427
653530300
653784608
657478152
658074380
659883320
660979236
670617838
673417956
673718072
674737970
677204175
679719778
679942837
698441695
698696427
699264463
704567333
707490820
708847000
711930689
712410276
715325814
717484075
718767796
718824013
720358590
721777557
726379655
727328114
727458243
734896843
734993469
735636108
737828080
739852164
744113702
746777127
747193407
750434954
750533591
752361326
752857184
754733141
756577632
756770620
759408961
762249579
763643672
766064165
766672926
767933732
768068066
769259554
771672517
772123211
772916814
774438251
774650414
775165948
776045747
776792316
776828694
778020338
778711130
779301778
782341977
783374484
784960846
787622340
791778670
792021708
794882806
797514572
797651357
798370181
800912779
801469469
803509939
806016226
806476866
808209038
808500555
815649880
819709058
819803664
822518802
823892892
826309034
826446634
829590600
831050490
834097920
836156048
841443112
846389865
846541474
847451653
848834980
849129883
850620471
850856889
852641484
854536185
854839732
857907907
858214373
859408928
859722575
860875653
861645738
862651311
865448899
866288813
866662098
867098360
867957809
868006321
869502913
871518067
875845558
879009141
881226844
885331715
893993632
895795499
896786199
896817793
899407647
900791048
900867814
904915629
906981019
910411098
914526631
916644429
917340990
919401370
921051451
923409904
927323663
927718755
928416205
932550444
936489996
940887153
942828968
943264300
945402391
945605249
946603852
946646806
948178887
951881420
952487412
953024565
953322662
954076804
954431718
955270031
957741508
958136480
961181718
962537837
962601211
964445557
965612694
965643795
965676275
968231082
968679135
968959707
970606019
972494672
972886362
974362691
975711170
977877715
983400713
984595312
986775580
987860761
989321399
993319332
995802869
995829990
996075748
997489620