997489620
996075748
995829990
995802869
993319332
989321399
987860761
986775580
984595312
983400713
977877715
975711170
974362691
972886362
972494672
970606019
968959707
968679135
968231082
965676275
965643795
965612694
964445557
962601211
962537837
961181718
958136480
957741508
955270031
954431718
954076804
953322662
953024565
952487412
951881420
948178887
946646806
946603852
945605249
945402391
943264300
942828968
940887153
936489996
932550444
928416205
927718755
927323663
923409904
921051451
919401370
917340990
916644429
914526631
910411098
906981019
904915629
900867814
900791048
899407647
896817793
896786199
895795499
893993632
885331715
881226844
879009141
875845558
871518067
869502913
868006321
867957809
867098360
866662098
866288813
865448899
862651311
861645738
860875653
859722575
859408928
858214373
857907907
854839732
854536185
852641484
850856889
850620471
849129883
848834980
847451653
846541474
846389865
841443112
836156048
834097920
831050490
829590600
826446634
826309034
823892892
822518802
819803664
819709058
815649880
808500555
808209038
806476866
806016226
803509939
801469469
800912779
798370181
797651357
797514572
794882806
792021708
791778670
787622340
784960846
783374484
782341977
779301778
778711130
778020338
776828694
776792316
776045747
775165948
774650414
774438251
772916814
772123211
771672517
769259554
768068066
767933732
766672926
766064165
763643672
762249579
759408961
756770620
756577632
754733141
752857184
752361326
750533591
750434954
747193407
746777127
744113702
739852164
737828080
735636108
734993469
734896843
727458243
727328114
726379655
721777557
720358590
718824013
718767796
717484075
715325814
712410276
711930689
708847000
707490820
704567333
699264463
698696427
698441695
679942837
679719778
677204175
674737970
673718072
673417956
670617838
660979236
659883320
658074380
657478152
653784608
653530300
653332427
650021510
648273813
647389014
646178796
641978124
639095259
638246132
632043288
629887709
629371377
628587359
627163957
625870702
624845327
624113590
624075537
621684110
621292619
620896972
620841587
616019143
613232683
611961455
611899059
608158712
608034011
604769595
604623620
604504752
600094780
596377651
595027279
594734309
594355087
591946698
591584200
587256278
587073385
585240218
584421584
581190962
580733249
579870637
576666103
574011434
571924367
568902504
567847937
567552616
564920318
563323965
563148121
556587869
551942773
551667993
550207061
546647790
544420360
538501858
531682884
523653398
523595452
523501822
522419479
521528207
514923276
514764441
512341775
502862132
502407268
502143468
499900821
499266285
497842171
497555976
497053051
495856692
495324351
485840716
485293868
483344299
481137413
480705162
478332596
476541988
475911645
471485551
471243964
470295522
467261382
464911495
464223767
464114672
460429524
455973916
455893953
455661844
452092119
449994182
449985475
447262710
446386100
445971892
444398820
437367990
435289832
434976339
433260663
432927671
429901886
428967442
426861766
425286627
424094667
423563182
423097523
421599731
420472153
419895918
419328106
418806752
416745502
413767321
412493350
410625875
410611589
407718651
407629244
403711725
403692123
403689863
398601575
397501855
390381852
389439780
383529766
382706777
379102239
377091840
372669252
370763705
369985524
369520074
368444304
365374674
356342143
355248912
355148236
355129666
354666187
351733287
350996355
348536531
348525480
348329379
346894883
344783794
344162415
343222480
341074374
339440376
337374233
336545928
336070557
330816305
330346358
328086853
326938105
325171601
323947449
321674144
320835135
318299276
316044563
315085417
313923869
313663812
313335220
310151650
304675593
303288153
302827028
302471476
298777739
298659246
297140391
292701031
288436912
283527385
282926192
280868057
278201884
273357018
272781925
269938448
269800452
266682978
266265012
262977589
261847751
259200614
253932964
249857633
248817048
246998623
244008911
243736027
243384006
237411372
236291633
232352093
231949747
228659974
228104988
226922403
224121229
221535174
221389694
217047673
216798428
216476091
215568801
211025924
207505507
207390257
206890338
203943523
203827632
203592302
198698644
197734115
196508034
191332441
189912707
189245676
188399196
188264128
186898671
186846007
186717231
186230710
186158137
185253962
182036314
181902522
181655428
180265656
178752906
174521002
172502261
171994178
170028568
169231295
168230996
167476448
165556381
164631475
163391765
162072440
161156149
156418279
155114203
153948709
152461139
151163413
149655753
149347768
144722777
138349990
136425989
133610369
132109195
129191575
127761866
123041823
122177848
121106004
120927440
120807536
119015882
114290566
113586153
110304369
109664486
99864178
99799409
98497439
97136389
95376695
93538473
89901852
89811404
88391859
86711385
86504456
85274707
84501382
83933884
77278231
73227908
70795824
70552203
70521601
69657870
66504861
66232191
61498860
60020358
57851146
47312768
43400896
36562852
33984004
31879296
30384348
29670059
28598492
19988855
18820218
18700433
11237106
9933007
8128839
400264